100
1 4 5 11 19 23 30 41 48 57 59 60 62 87 88 89 98
0 0 0 1 1 1 0 1 1 1 0 1 0 1 1 0 1 1 1 1 1 1 1 0 1 1 0 1 0 1 1 1 0 0 1 1 1 1 1 0 1 1 0 1 0 1 1 1 0 1 1 1 0 1 1 0 1 0 1 1 1 1 1 1 1 1 1 0 1 1 0 1 0 0 0 1 1 1 1 1 0 1 1 1 0 0 0 1 1 0 1 1 0 1 1 1 1 0 1 1 
1 0 1 1 0 1 0 1 1 1 1 0 1 1 1 0 1 0 1 1 1 1 1 1 1 0 1 1 1 0 0 1 1 1 1 0 1 1 1 1 1 0 1 1 1 1 1 1 1 1 1 1 1 1 1 1 1 1 1 1 1 1 1 1 0 1 1 1 1 1 1 1 1 1 0 1 0 0 1 1 0 1 1 1 0 0 0 1 0 1 1 0 0 1 0 1 0 0 1 0 
1 1 0 1 0 0 1 0 0 1 1 0 1 1 1 1 0 1 1 1 1 0 1 1 1 0 1 0 1 1 1 0 1 1 1 1 1 1 0 0 1 1 0 1 1 1 0 1 1 1 1 0 1 0 1 1 1 1 1 1 1 0 1 1 1 1 1 0 1 1 1 0 1 1 0 1 1 1 1 0 1 1 1 1 0 1 0 1 1 1 0 1 0 1 1 1 1 1 0 1 
1 1 0 0 1 1 1 0 1 1 1 1 1 1 1 1 0 1 1 0 1 1 0 1 1 1 0 1 0 0 0 1 1 1 1 1 1 1 1 0 1 1 0 1 1 1 0 0 1 1 1 1 1 1 1 1 1 1 1 1 1 1 1 1 1 1 1 0 0 1 1 1 0 1 0 1 0 1 1 1 1 0 0 1 1 1 1 1 0 1 1 0 0 0 1 1 1 0 1 1 
1 0 1 1 0 0 1 1 1 1 1 1 1 1 0 1 0 1 0 0 0 0 1 0 1 0 0 0 0 1 1 0 1 1 1 1 1 0 1 0 1 1 0 1 1 1 0 1 1 1 1 0 1 1 1 0 1 0 1 1 0 1 1 1 0 1 1 1 1 1 0 1 1 1 1 0 1 1 0 1 0 1 1 0 1 0 1 1 1 1 1 0 0 1 1 1 1 1 1 1 
1 1 0 0 1 0 1 1 0 1 1 1 0 1 1 1 1 0 1 1 1 0 1 1 1 0 1 1 0 1 0 1 1 1 0 1 1 0 0 1 1 0 0 0 1 1 1 1 0 0 1 1 1 1 0 0 0 1 1 1 0 0 1 1 1 0 1 1 0 1 1 1 1 1 1 1 0 1 0 0 1 1 1 1 1 1 0 1 1 0 1 1 1 0 1 1 1 1 0 0 
1 1 1 1 1 1 0 0 1 0 0 1 1 1 0 1 1 1 0 1 1 1 0 1 1 0 1 1 1 0 0 1 1 1 1 1 1 0 1 1 1 1 1 1 0 0 1 1 0 1 1 0 1 0 0 0 0 1 1 1 1 1 1 0 0 1 1 0 1 0 1 1 1 1 1 1 1 1 1 1 1 1 1 0 0 1 1 1 1 0 0 0 0 1 1 1 1 1 1 1 
1 1 1 0 1 1 1 0 1 0 1 1 1 1 1 1 1 1 0 0 1 0 0 0 0 1 1 1 1 0 1 0 1 1 1 1 1 0 1 1 1 1 1 0 1 1 1 1 1 0 0 0 1 0 0 1 0 1 1 1 0 0 1 0 1 0 1 1 1 1 1 1 1 1 1 1 1 1 1 1 1 1 1 1 0 1 1 1 1 0 1 1 1 1 0 1 1 0 0 0 
1 0 1 1 0 0 1 0 0 0 1 1 1 0 0 1 1 1 1 1 1 1 1 1 0 1 0 1 0 0 1 0 1 1 0 0 0 1 1 1 1 1 0 1 1 1 0 0 1 1 0 0 1 1 0 1 1 0 1 0 0 1 0 1 1 1 1 0 0 1 0 0 1 1 1 0 0 1 1 1 1 1 1 1 1 0 1 0 1 1 1 0 0 1 1 1 0 1 1 1 
1 1 1 1 1 0 0 1 0 0 1 0 1 1 1 1 1 1 0 1 1 1 1 1 1 1 1 1 1 1 0 0 1 0 1 1 1 1 1 1 0 1 1 1 1 0 1 1 1 1 1 0 0 0 1 0 1 1 0 0 0 1 0 1 1 1 1 1 1 1 1 0 0 1 1 0 1 1 0 1 1 1 1 1 0 1 1 1 1 0 1 1 0 1 1 0 0 1 1 0 
1 1 1 1 1 0 1 1 1 0 0 1 0 1 1 0 1 1 1 1 0 1 1 0 1 1 0 1 1 1 1 1 0 1 1 1 1 0 0 1 0 0 1 1 0 0 0 0 0 0 1 0 1 0 1 1 0 1 1 1 1 1 1 1 1 1 0 0 0 1 1 1 0 1 0 1 0 1 1 1 1 1 1 0 1 1 1 0 0 1 0 1 0 0 1 1 1 1 1 1 
0 1 0 1 1 1 0 1 1 1 1 0 0 1 0 0 1 0 1 1 1 1 0 1 1 0 1 1 1 1 1 1 1 1 1 1 0 1 1 0 0 1 1 0 0 1 1 0 1 0 0 1 1 1 0 1 1 1 0 0 1 1 1 1 1 1 1 0 1 1 1 1 0 0 1 0 1 1 1 1 1 0 1 0 1 1 0 1 0 1 0 1 0 1 0 1 1 1 0 1 
0 1 1 0 0 1 0 0 0 1 1 1 0 1 0 1 0 1 1 0 0 1 1 1 1 0 1 1 0 1 1 1 1 1 1 0 1 1 0 1 1 0 0 0 1 0 0 1 0 1 1 1 1 0 1 1 1 1 0 0 1 0 1 1 1 1 1 0 0 0 0 1 1 0 1 1 1 1 1 1 0 0 1 1 1 1 1 1 1 1 1 0 0 0 1 1 1 1 0 0 
0 0 1 0 0 1 1 0 1 1 0 1 1 0 1 1 1 1 0 1 1 1 0 1 0 1 1 1 1 0 1 1 1 0 0 1 1 0 1 1 0 0 1 1 1 0 1 0 1 0 0 1 1 1 0 1 1 1 1 0 0 1 1 1 1 1 1 1 0 1 0 1 1 1 1 0 0 0 0 0 0 0 1 1 1 1 0 0 0 1 1 1 1 1 1 1 0 1 1 0 
1 1 1 0 1 1 0 1 1 1 0 0 0 1 0 0 0 1 1 1 1 1 1 1 1 1 1 1 0 1 1 0 1 1 0 1 1 1 1 0 1 1 0 0 1 0 0 1 0 0 1 1 0 1 0 1 1 1 1 1 1 1 1 1 1 1 1 1 1 1 0 1 0 0 0 1 1 1 0 1 0 1 1 1 0 0 0 1 0 0 1 1 1 0 1 1 0 1 1 1 
0 1 1 0 0 1 0 1 1 0 1 1 1 1 0 0 1 1 1 1 0 1 1 1 1 0 0 1 0 0 1 1 0 1 1 1 1 1 1 1 1 0 1 0 1 1 0 1 1 1 1 0 1 1 0 1 1 1 1 1 1 1 1 0 1 1 0 1 1 1 1 1 1 1 0 0 1 1 1 1 0 1 1 0 1 1 0 1 1 1 1 1 1 1 1 0 1 1 1 1 
0 1 1 0 0 1 1 0 1 1 0 0 1 1 1 0 0 1 1 0 0 0 1 0 1 1 1 0 1 1 0 1 1 1 1 1 1 1 1 0 1 0 0 1 1 1 1 0 0 0 0 1 1 1 0 1 1 1 1 0 1 0 1 1 1 1 1 0 1 1 0 0 0 0 1 1 1 0 1 0 1 1 0 0 1 1 0 1 0 0 1 0 1 0 1 1 0 1 0 1 
1 1 1 1 1 1 1 1 1 1 1 0 1 0 0 1 1 0 1 1 1 0 1 1 0 1 0 0 0 1 1 0 0 0 0 1 1 1 1 1 1 1 1 0 1 1 1 0 1 0 1 1 1 1 1 0 1 1 1 0 1 0 1 1 0 1 1 1 1 1 0 0 1 1 0 1 0 0 1 0 0 1 1 1 0 1 1 1 1 0 1 0 0 1 1 1 1 1 1 1 
1 1 1 0 0 0 1 1 1 1 0 1 1 0 1 0 1 1 0 1 0 1 1 1 1 1 1 1 0 1 0 1 1 1 1 1 1 1 0 1 1 1 1 0 1 1 1 0 0 1 0 1 1 1 0 1 0 1 1 0 0 1 1 1 1 0 0 1 1 0 1 0 0 1 0 0 1 1 1 1 0 1 1 1 0 0 1 1 1 1 0 1 1 1 1 0 1 1 0 1 
1 0 1 0 0 0 1 0 1 1 1 0 1 1 1 1 0 1 1 0 0 0 1 1 1 1 1 1 1 0 0 1 0 0 1 0 1 0 1 0 1 0 1 1 1 1 1 1 1 1 1 1 1 0 1 1 0 1 1 1 1 1 1 1 0 1 0 1 1 1 1 1 1 1 1 1 1 1 1 1 1 0 1 0 1 1 0 0 1 1 0 1 1 1 1 1 1 1 0 0 
1 0 0 1 0 0 0 1 1 1 0 1 1 1 0 1 1 1 0 1 0 0 0 1 0 1 0 1 1 0 0 0 0 1 1 1 0 0 0 1 1 1 1 0 1 0 1 1 1 0 1 1 1 1 1 0 1 0 1 0 1 1 0 0 1 0 1 0 1 1 1 1 1 1 1 0 1 1 1 1 0 1 0 1 0 0 0 1 1 0 0 1 1 1 1 1 1 1 1 1 
1 0 1 0 1 1 1 1 1 1 1 0 0 1 1 1 1 0 1 1 1 0 0 1 1 0 1 1 1 1 1 1 1 1 1 1 0 1 0 0 1 1 0 1 0 0 1 1 0 1 1 0 1 1 1 0 1 1 1 0 1 1 1 1 1 1 1 1 1 1 1 1 1 1 1 1 1 1 1 1 0 1 0 0 1 1 0 1 1 1 1 0 1 0 1 1 0 1 1 0 
1 1 1 1 0 0 1 0 1 1 0 1 0 0 0 1 1 1 0 1 1 1 0 1 1 0 1 0 1 0 1 1 1 1 1 0 1 1 1 1 1 0 1 0 0 0 1 1 1 0 1 1 1 1 0 1 1 1 1 1 1 1 0 0 1 0 1 1 1 0 1 1 1 1 1 1 1 1 1 1 1 1 1 1 0 1 1 1 0 0 1 0 1 1 1 0 1 1 1 1 
1 0 1 1 1 1 0 1 1 1 0 1 1 1 1 0 0 1 1 1 1 0 1 0 1 0 0 1 1 0 1 1 1 1 1 1 1 1 1 0 0 0 0 1 1 0 0 0 1 0 1 1 1 0 1 1 1 1 0 0 1 0 0 1 1 1 1 1 1 0 1 1 1 1 0 1 1 1 1 1 1 1 1 1 0 1 1 1 1 0 1 1 1 1 1 1 1 0 1 1 
0 1 1 1 1 1 1 1 0 1 1 1 0 1 0 0 0 1 1 1 1 0 0 1 0 1 1 1 1 0 1 1 1 1 1 1 0 1 0 1 0 1 1 1 0 1 0 1 1 1 1 1 1 0 1 1 0 1 0 0 1 0 1 1 1 1 1 1 1 1 1 0 0 1 1 1 1 1 1 0 0 1 0 1 0 1 0 0 1 1 0 1 1 1 0 0 1 0 0 1 
1 1 1 0 1 1 1 0 0 1 1 0 1 1 0 1 0 1 1 1 0 0 1 1 1 0 1 1 0 1 1 1 1 1 1 1 1 1 1 0 1 1 1 1 1 0 1 1 1 1 0 0 1 1 1 1 1 1 0 1 1 1 1 1 1 1 0 0 1 1 1 1 1 1 0 1 1 1 0 1 1 1 0 0 1 0 1 0 1 0 1 1 1 1 1 1 1 0 1 0 
0 1 1 1 0 1 0 0 0 1 0 0 1 1 0 1 1 1 0 1 1 1 1 1 1 1 0 0 1 1 0 1 0 1 1 0 0 1 1 1 1 0 1 0 1 1 0 1 1 0 1 0 1 1 0 1 0 0 1 1 1 0 0 1 0 0 1 0 0 1 1 1 1 1 1 0 0 1 0 1 0 0 1 0 0 1 0 1 0 1 1 0 1 1 0 1 0 1 0 1 
0 1 1 1 1 0 0 1 1 0 0 1 1 1 1 0 1 1 1 0 1 0 1 1 1 1 1 0 1 0 0 1 0 1 1 0 1 1 0 0 1 1 1 0 0 1 0 0 1 1 1 0 1 1 1 1 1 1 0 1 0 1 1 0 1 1 1 0 1 1 0 1 1 1 0 0 0 1 1 1 0 1 0 1 1 1 1 0 1 1 0 1 1 1 1 1 1 0 1 1 
1 1 1 1 1 1 1 1 0 0 1 1 1 1 1 1 0 0 1 0 1 1 0 1 1 1 0 1 0 0 1 1 1 1 1 1 1 1 0 0 1 1 1 1 1 1 0 0 1 1 0 1 1 1 1 1 1 0 0 1 1 1 1 1 0 1 1 1 1 1 1 1 0 1 1 0 1 1 1 1 0 1 0 0 0 1 1 1 1 0 1 1 1 0 1 1 1 1 0 1 
1 1 0 1 0 1 1 0 1 0 0 0 1 1 1 1 0 0 1 0 1 0 1 0 1 1 1 1 0 0 1 0 1 1 1 1 1 1 1 1 1 1 1 1 0 0 0 1 0 1 1 1 1 1 1 1 1 1 0 1 1 1 0 1 0 0 0 1 0 1 1 1 1 0 1 0 0 1 1 0 1 1 1 1 1 1 0 1 0 0 1 1 0 1 1 1 1 0 1 1 
0 0 1 1 1 1 1 1 1 1 1 1 1 0 0 0 1 1 1 0 1 1 1 1 0 0 1 0 1 1 0 0 1 1 1 0 1 1 1 0 0 1 1 0 1 1 1 1 1 1 1 0 0 0 1 1 1 0 1 1 1 0 0 0 0 1 1 1 0 1 1 1 0 0 1 1 1 1 1 1 1 1 1 1 1 1 1 1 0 1 1 0 0 1 1 0 1 0 1 0 
1 1 1 1 0 0 0 1 0 1 1 1 1 1 0 0 1 1 1 1 1 1 1 1 1 1 0 1 1 0 1 0 0 0 1 1 1 0 0 1 0 1 1 1 1 1 1 0 1 1 0 1 1 1 1 1 0 1 0 0 1 1 1 1 0 1 0 0 0 0 0 1 1 1 1 1 1 1 1 1 1 1 1 1 0 1 0 0 0 0 0 1 1 1 1 1 0 1 1 0 
1 1 0 1 0 1 1 1 1 1 0 1 1 1 1 0 1 1 0 1 0 1 0 1 1 1 1 1 1 0 1 0 0 1 1 1 1 1 1 0 1 1 1 1 1 0 1 0 1 1 1 1 1 1 1 1 1 0 1 0 0 1 0 0 1 1 1 0 1 0 0 0 1 1 1 0 1 1 1 0 1 1 1 1 1 0 1 1 1 1 0 1 0 1 1 1 0 1 0 0 
1 0 0 1 1 0 1 1 0 0 1 1 1 0 1 1 1 1 1 1 1 1 1 1 1 1 1 0 1 1 1 1 0 0 1 1 1 1 1 0 1 1 1 1 1 1 1 1 1 1 1 1 1 1 1 0 1 0 1 0 0 1 1 1 1 1 1 0 1 1 0 1 0 0 0 1 0 0 1 1 1 1 1 0 1 1 1 1 1 1 0 0 1 1 1 0 1 0 1 1 
1 0 0 1 1 0 1 1 1 1 1 1 1 1 1 1 1 0 0 1 0 1 1 1 1 1 1 1 1 1 1 1 1 1 0 1 0 0 0 0 1 1 1 1 1 1 1 1 1 1 1 1 1 1 1 0 0 0 1 1 1 0 1 1 0 0 1 1 1 0 1 0 0 0 0 1 1 1 1 0 1 0 1 0 1 1 1 0 1 0 0 0 1 1 1 1 1 1 1 1 
1 1 1 1 1 1 0 0 1 1 1 1 1 0 1 1 1 0 1 0 1 1 1 1 1 1 1 1 0 1 1 0 1 1 1 0 0 1 0 0 0 1 1 0 0 0 1 1 0 1 0 1 1 0 1 1 1 0 1 1 0 1 0 1 1 1 1 1 1 1 0 1 1 1 0 1 1 0 0 1 1 1 0 1 1 1 1 0 1 1 0 1 0 1 0 1 1 1 0 1 
1 1 0 1 1 0 0 0 0 1 1 1 1 0 1 1 1 1 0 1 1 0 1 1 0 1 1 1 1 1 1 1 0 1 1 1 0 1 1 1 1 1 1 0 0 0 1 0 0 1 1 0 1 1 1 0 1 1 1 0 1 1 1 0 1 1 1 1 0 0 1 1 1 0 0 0 0 0 1 0 0 1 0 1 1 1 0 1 0 1 1 0 0 1 1 0 1 1 0 0 
1 0 0 0 1 1 1 0 1 1 0 1 1 1 1 1 0 1 0 1 1 1 1 1 1 1 0 1 0 1 0 1 1 1 1 1 1 0 1 1 0 1 0 0 1 1 0 1 0 1 1 1 1 0 0 1 0 1 1 1 0 1 1 1 0 0 1 1 1 0 0 0 1 0 1 1 0 0 1 1 1 1 1 1 1 1 1 0 1 0 1 1 0 1 1 1 1 1 1 0 
1 0 1 1 1 1 0 0 1 0 1 1 1 0 1 1 0 1 1 1 1 1 1 1 0 0 0 0 1 0 0 1 1 1 1 1 1 0 0 1 1 1 1 1 0 0 0 0 1 1 1 1 0 1 1 1 1 1 1 1 0 1 1 0 1 1 1 1 1 1 0 1 1 1 0 1 0 0 1 0 1 1 0 0 1 1 1 1 1 1 1 0 1 1 0 1 0 1 1 1 
1 1 1 1 1 1 1 1 1 1 1 1 1 1 1 1 0 1 0 1 1 1 1 1 1 0 0 1 1 1 0 1 1 0 0 1 1 1 0 0 1 0 1 1 0 1 0 1 1 1 1 1 0 0 0 0 1 1 1 0 1 1 0 1 1 0 1 1 0 0 0 1 1 1 1 0 1 0 1 0 1 1 1 1 1 1 1 0 1 0 1 1 1 1 0 1 1 1 1 1 
1 0 0 1 1 1 1 0 1 0 1 1 1 0 0 0 1 1 1 0 1 1 0 1 1 1 1 1 1 1 1 0 0 0 1 1 1 0 1 0 0 0 1 1 1 1 1 1 1 0 1 1 1 1 1 1 0 0 1 1 1 0 1 0 1 1 0 1 0 1 1 1 0 0 1 1 1 0 1 1 1 1 1 0 0 1 0 1 1 1 0 1 1 0 1 1 1 1 1 0 
0 1 1 0 1 1 1 1 0 1 0 1 1 0 1 0 0 1 1 0 0 1 1 0 0 1 0 1 1 1 0 1 1 1 1 1 1 1 0 1 1 0 1 0 1 0 0 1 0 1 1 1 1 0 1 1 1 0 1 1 1 1 1 1 0 1 1 1 0 1 0 1 1 0 1 0 1 1 0 1 1 0 1 1 1 1 0 1 1 1 0 1 1 1 1 1 0 1 1 1 
1 0 1 1 1 1 1 0 0 1 1 1 0 1 1 1 1 0 0 0 1 0 0 1 0 1 1 0 1 1 0 0 1 0 1 1 1 1 1 1 1 1 0 1 1 0 0 1 1 1 1 1 0 1 1 0 1 1 1 0 1 0 1 1 0 1 1 1 1 1 1 1 1 1 0 1 0 1 1 0 1 0 0 1 0 1 1 1 1 1 0 0 1 0 0 1 0 1 1 1 
0 1 1 0 0 1 1 1 1 1 1 0 1 1 1 1 1 1 1 1 1 1 1 0 1 1 1 0 1 1 1 1 1 1 0 0 0 1 1 1 0 1 0 0 1 0 1 1 1 1 1 0 1 1 1 0 0 1 1 1 0 0 1 1 0 0 1 0 1 0 1 0 1 0 1 0 1 1 0 1 1 0 1 1 1 1 1 1 0 1 1 1 0 0 0 0 0 1 1 1 
1 1 0 0 1 1 1 0 1 1 0 1 1 0 1 1 0 1 0 1 1 1 0 1 0 1 0 1 1 0 1 1 0 0 0 0 1 1 1 1 0 1 1 1 0 1 1 1 0 0 1 1 1 1 1 1 0 0 1 1 1 0 0 1 1 1 1 1 1 1 1 1 0 1 0 0 0 1 1 1 0 0 0 1 1 1 0 1 0 0 1 1 0 1 1 1 0 1 1 0 
1 1 1 1 0 1 1 0 0 1 1 1 1 1 1 0 1 0 1 1 1 0 0 1 0 1 1 1 1 0 0 0 1 1 0 1 1 0 1 1 0 1 1 1 1 0 0 0 0 1 1 0 1 1 1 1 1 1 1 1 1 1 0 1 0 1 1 0 0 1 0 1 0 0 0 1 1 0 1 1 0 0 1 1 1 1 0 1 1 0 1 1 0 1 1 1 1 0 0 1 
1 0 1 1 0 0 0 1 1 1 1 1 0 1 1 0 1 1 0 1 1 1 1 1 1 1 1 1 1 1 1 1 1 1 0 1 1 0 1 1 1 0 1 1 0 1 0 1 1 1 0 1 1 0 1 1 1 1 0 0 1 0 1 1 0 1 1 1 0 0 1 0 1 1 0 0 1 1 1 0 1 1 1 0 0 0 1 1 1 1 1 1 1 1 1 1 1 1 0 0 
0 1 0 1 0 1 1 0 0 1 1 0 1 1 0 1 1 1 1 1 1 1 1 1 0 1 1 0 1 0 0 1 0 0 0 0 1 1 0 1 1 0 1 0 0 0 1 0 0 1 1 1 1 1 1 1 0 1 1 0 0 1 1 0 1 1 1 1 0 0 0 1 1 1 1 1 0 1 0 1 0 1 0 1 1 1 1 1 0 0 1 0 0 1 0 0 1 0 0 1 
1 0 1 1 0 1 0 1 1 1 1 1 0 1 0 1 1 1 0 0 0 0 0 0 0 1 1 0 1 1 1 0 0 1 1 1 1 1 1 1 0 0 1 1 0 1 0 1 0 1 1 0 1 1 1 1 1 1 1 1 1 1 1 1 0 1 0 1 0 1 0 1 1 0 1 0 1 1 1 0 1 0 0 1 1 1 1 1 1 0 1 0 1 1 1 1 1 1 1 1 
1 1 1 0 1 0 0 1 1 0 0 1 1 0 0 1 0 1 1 1 1 1 0 0 0 1 1 0 1 1 1 0 1 0 0 0 0 1 0 1 0 1 1 0 0 1 1 1 1 0 0 1 1 1 1 0 1 0 1 1 1 1 1 1 1 1 1 0 1 1 1 1 1 1 1 1 1 1 1 1 0 1 0 0 1 1 1 1 0 1 1 0 1 0 0 1 1 1 1 0 
1 1 1 0 1 1 1 0 1 1 1 1 1 1 0 1 1 1 1 0 1 0 1 0 1 0 1 1 0 1 1 1 0 1 1 1 1 0 1 1 1 1 1 1 1 1 0 1 1 1 0 0 1 1 1 1 1 1 1 1 0 1 1 1 1 1 0 1 1 1 1 1 1 1 1 1 0 0 0 1 1 0 1 0 1 0 1 1 0 1 0 1 1 1 0 1 1 1 1 1 
1 0 0 1 1 0 1 1 1 1 1 1 1 0 1 0 1 1 1 1 0 1 0 0 0 1 1 0 0 1 1 1 0 0 1 0 1 0 1 1 0 1 0 0 1 1 1 1 0 1 1 0 0 0 1 1 0 1 0 0 0 0 1 0 0 1 1 1 1 1 1 0 1 1 1 0 1 0 1 1 1 1 0 1 1 0 1 1 1 0 1 0 0 1 1 1 0 1 1 0 
0 0 1 0 1 0 1 1 1 0 0 0 0 1 1 0 1 1 1 1 1 1 0 1 0 1 1 1 0 0 1 1 1 1 0 0 0 1 1 1 0 1 1 1 0 0 0 1 0 0 1 1 0 1 0 0 1 1 0 1 1 0 1 1 1 1 1 0 0 1 0 1 1 1 1 1 0 1 1 1 0 1 1 1 1 0 1 1 1 1 1 1 1 1 1 0 1 1 1 0 
0 1 1 1 0 1 1 0 0 0 1 1 1 1 0 1 1 1 1 1 1 1 1 0 0 1 0 0 1 0 0 1 1 1 1 1 1 1 1 0 1 1 1 1 0 1 1 1 1 1 1 1 1 0 0 1 0 0 0 1 0 1 0 1 1 0 1 0 1 1 1 1 1 1 0 0 1 1 0 1 0 0 1 0 0 1 0 1 1 1 1 0 1 0 1 0 1 1 0 0 
1 0 1 1 1 0 0 1 1 1 1 0 1 1 1 0 0 1 1 1 1 0 1 1 1 1 1 1 1 1 0 1 0 1 0 0 1 1 1 1 1 1 1 0 1 1 1 1 1 1 0 1 1 1 0 1 0 1 1 1 1 0 0 1 1 0 1 1 1 0 0 1 0 1 1 0 1 0 1 1 1 1 0 1 1 0 0 1 1 1 1 1 1 1 0 1 0 1 1 1 
1 1 0 1 1 1 0 0 1 1 1 1 1 1 1 1 1 1 1 1 0 1 1 1 1 1 1 1 1 1 1 0 1 1 1 0 1 1 0 1 1 1 0 1 1 0 1 1 0 1 1 0 1 1 1 0 0 0 1 0 1 1 0 1 0 1 0 1 1 1 1 1 1 0 1 1 1 1 1 0 0 1 1 1 1 0 1 1 0 1 0 1 1 0 1 1 1 0 1 1 
1 1 0 0 0 1 1 0 1 1 1 1 1 1 1 1 0 0 0 1 1 1 1 1 1 0 0 1 1 1 0 1 1 0 0 0 0 1 0 1 1 1 1 1 0 1 1 1 0 0 1 0 1 0 0 1 0 1 0 0 1 1 0 0 1 1 1 1 1 0 0 1 1 1 1 1 1 1 1 0 0 1 1 1 1 1 0 1 0 1 1 0 0 1 1 1 1 1 1 1 
0 0 1 0 1 1 1 0 1 1 1 0 1 1 1 1 0 1 1 0 1 1 1 1 1 1 1 1 1 0 1 0 0 1 0 0 0 1 1 0 0 1 1 1 1 1 0 1 0 1 1 1 0 1 1 1 1 0 0 0 1 1 1 1 0 1 1 1 0 0 0 0 1 1 0 1 0 0 0 0 1 0 1 0 0 0 1 1 1 1 0 1 1 1 1 1 0 1 1 1 
1 1 0 0 1 1 1 0 1 1 1 1 1 0 0 1 0 1 1 0 1 1 1 1 0 1 1 1 1 0 0 1 1 1 1 0 1 1 0 1 1 0 1 1 0 0 1 1 1 0 1 1 1 1 1 1 1 1 0 1 1 1 1 0 1 1 0 0 1 1 0 0 0 1 1 1 1 1 1 1 1 0 1 1 0 1 1 1 0 0 1 1 1 1 1 0 1 1 0 0 
1 0 1 1 0 1 0 1 1 1 1 1 0 1 1 0 0 1 1 1 0 1 1 1 0 1 1 0 1 0 1 1 1 0 1 1 1 1 1 0 1 1 1 1 0 0 1 0 1 1 0 0 0 1 1 1 1 1 1 0 1 1 1 0 0 1 0 1 1 0 1 1 1 0 0 1 1 1 0 1 1 0 0 1 1 1 0 1 0 1 1 0 1 1 1 1 1 1 1 0 
1 1 1 0 1 0 1 1 0 1 0 0 1 0 0 1 0 1 0 1 1 1 1 1 1 1 1 1 1 1 1 1 1 1 1 1 1 0 0 1 0 1 1 1 1 0 1 1 1 1 1 1 1 1 1 0 1 1 1 1 0 1 1 1 0 1 1 1 1 1 0 1 0 1 1 1 0 0 1 1 0 1 0 0 1 1 1 0 1 1 1 1 1 0 0 1 1 1 1 1 
1 0 0 0 0 0 0 1 0 1 0 0 1 0 0 1 1 1 1 0 1 1 1 1 1 0 0 1 0 1 1 0 1 1 0 1 0 0 0 0 1 0 1 0 1 1 1 0 1 1 0 1 0 0 1 0 1 1 1 0 1 0 1 1 1 0 1 1 1 1 1 0 0 0 1 0 1 0 1 1 1 0 1 0 1 1 1 0 0 1 1 0 0 1 1 1 1 1 1 1 
1 1 1 1 1 0 1 1 1 0 1 0 1 1 1 0 0 1 1 1 1 1 1 1 0 1 0 0 0 0 1 1 0 1 1 1 0 1 0 1 1 1 0 1 0 0 1 1 1 0 1 1 1 1 1 1 1 1 0 0 1 1 0 0 0 0 1 1 0 1 1 1 0 1 1 1 1 1 0 1 1 1 1 1 1 1 1 1 1 1 1 1 1 1 1 1 1 1 0 1 
0 1 1 1 0 1 1 1 0 1 1 0 1 1 1 1 0 1 1 0 1 0 1 1 0 0 1 0 1 0 0 1 1 1 0 1 1 1 1 1 0 1 0 0 1 0 1 0 1 0 1 0 0 1 0 1 1 0 1 1 1 0 1 0 1 1 0 1 1 1 1 0 0 1 1 0 1 1 1 0 0 1 0 0 1 0 1 1 1 1 0 1 1 1 1 1 1 1 0 1 
1 1 0 1 1 0 1 1 1 1 1 0 0 1 1 0 1 1 0 1 1 1 1 1 0 0 1 1 1 1 1 1 0 0 1 1 0 1 1 1 1 0 1 1 1 1 1 1 1 1 0 1 1 1 1 1 1 1 1 1 1 0 0 1 0 0 1 0 1 0 1 0 0 1 1 0 0 1 1 0 0 1 1 1 0 1 1 1 0 0 1 0 1 0 1 1 0 1 1 1 
1 1 1 1 1 1 1 1 1 1 1 0 1 0 0 0 1 1 1 1 1 1 1 0 1 1 1 1 0 1 0 1 0 0 0 1 1 1 0 0 1 0 1 1 1 0 1 1 1 1 1 1 1 1 0 1 1 1 1 0 0 0 1 1 1 0 1 0 1 1 1 1 1 1 1 1 0 0 0 1 1 1 1 0 1 1 0 1 0 1 1 1 1 0 1 1 1 0 0 0 
1 1 0 0 1 0 0 0 1 1 1 1 1 0 1 0 1 0 1 1 0 1 0 1 0 0 1 0 0 1 1 1 0 0 1 1 0 1 1 0 0 1 1 1 1 1 1 1 1 1 1 1 1 1 1 1 1 1 0 1 0 1 1 0 1 1 0 1 1 1 1 1 1 1 1 1 1 1 1 1 0 1 1 1 0 1 0 1 1 1 1 1 0 1 1 0 1 1 1 1 
1 1 1 1 1 1 0 1 0 0 1 1 1 0 1 0 1 1 0 0 1 1 1 1 1 0 0 1 1 1 1 1 1 1 1 1 1 1 1 0 1 1 1 1 1 1 0 0 1 1 1 1 1 1 0 1 0 1 1 1 0 1 1 1 1 1 1 0 1 1 1 1 1 1 1 1 1 0 1 0 1 1 0 1 1 0 0 0 1 1 1 0 1 0 1 0 1 1 1 1 
0 1 1 1 1 1 0 0 1 1 1 1 0 1 1 1 1 1 1 1 1 1 1 1 1 0 0 1 1 1 1 1 1 0 0 1 1 1 1 1 1 0 1 0 1 0 0 0 1 0 0 0 1 0 1 1 1 1 0 0 1 0 0 1 1 0 1 0 0 1 0 0 1 0 0 1 0 1 0 0 1 1 0 1 0 0 0 1 1 1 1 1 1 0 1 1 1 0 1 1 
1 0 1 1 1 1 0 1 1 1 1 1 1 0 0 1 1 1 1 0 0 1 1 1 1 1 0 0 1 1 0 0 1 0 0 1 1 0 0 1 0 1 1 1 1 1 1 0 1 1 1 1 0 1 1 1 1 1 1 0 0 1 1 0 1 1 0 1 0 0 1 1 0 0 1 1 1 1 1 1 1 1 1 1 0 1 1 0 1 1 0 1 1 1 0 1 1 1 1 1 
1 1 1 1 1 0 1 0 1 0 1 1 1 1 1 1 0 1 0 1 0 1 1 1 0 1 1 1 1 1 1 1 1 1 1 0 0 0 1 0 0 1 1 1 1 0 1 0 1 1 1 0 1 1 0 0 1 1 1 0 1 1 1 1 1 0 1 1 1 1 0 1 0 0 1 1 1 1 1 1 1 1 1 1 1 0 1 1 1 1 1 0 1 1 1 1 1 0 1 0 
0 1 1 0 1 1 0 1 1 1 1 1 0 1 1 0 1 0 0 0 1 0 1 0 1 0 1 1 1 1 0 1 0 0 0 1 0 1 1 0 0 0 0 1 1 0 1 1 1 1 0 1 1 0 1 0 0 0 1 1 1 1 1 1 1 0 1 0 1 1 0 0 1 0 1 0 0 1 1 0 1 1 1 0 1 1 0 0 0 1 0 0 1 1 0 0 1 1 0 1 
1 0 0 1 1 1 1 1 1 1 0 1 1 0 1 1 1 0 1 0 1 0 0 1 1 0 0 1 0 0 1 1 1 1 1 1 1 1 1 0 1 1 0 0 1 0 1 1 0 1 1 0 0 0 0 1 1 1 1 1 1 0 1 1 1 1 1 1 1 1 1 1 0 1 1 1 1 1 0 0 1 1 1 0 1 1 1 1 1 1 1 1 1 0 1 1 1 1 0 1 
1 1 1 1 1 0 1 1 1 1 0 0 1 1 1 1 0 1 1 0 0 1 1 0 0 0 1 1 0 1 1 1 1 0 1 1 1 1 1 1 1 1 1 0 0 1 1 0 1 1 1 1 1 1 1 1 1 1 1 1 1 0 0 1 0 1 1 1 1 1 0 0 1 0 0 1 1 1 1 1 1 1 1 0 1 0 1 1 1 1 1 0 1 1 1 0 0 0 1 1 
0 1 1 1 1 1 1 0 1 1 1 1 1 1 1 1 1 0 1 1 1 1 1 0 0 0 1 1 1 1 1 1 1 0 1 1 1 0 0 0 1 1 1 1 1 0 0 1 1 0 1 0 1 1 1 1 0 0 0 1 1 1 0 1 1 0 1 0 1 1 0 0 1 0 0 1 1 1 1 0 1 1 1 0 0 1 1 1 1 1 1 1 0 1 1 1 1 1 1 0 
1 0 1 0 1 1 1 1 1 0 1 1 1 0 0 1 1 0 1 0 1 0 0 1 0 0 1 1 0 0 1 1 1 1 0 0 1 1 0 1 1 1 1 1 1 0 0 1 1 1 0 1 1 1 0 0 1 0 1 0 1 0 1 1 1 1 1 1 0 1 0 1 1 1 1 0 1 1 1 0 0 0 1 0 0 1 1 1 1 1 1 1 1 0 1 1 1 1 1 0 
0 0 1 1 1 1 1 0 1 0 1 1 0 1 0 0 1 1 1 0 1 1 1 0 0 0 1 1 1 1 1 1 1 1 1 1 0 1 1 0 0 1 1 1 0 1 0 1 0 1 0 1 1 1 1 1 0 1 1 1 0 1 1 1 1 1 1 0 1 0 1 1 1 0 1 0 0 1 1 1 1 1 1 1 1 0 1 1 1 0 0 1 1 1 1 1 0 1 1 0 
1 1 1 1 1 1 1 0 1 0 1 0 1 1 1 1 1 0 1 1 0 1 1 1 1 1 1 0 1 1 0 1 1 1 0 1 1 0 1 1 1 1 1 0 0 1 1 1 0 1 1 1 1 1 1 1 1 0 1 0 1 1 0 0 1 1 1 1 1 1 1 0 0 0 1 1 1 0 0 1 1 0 1 1 1 0 0 0 1 1 0 1 1 1 1 0 0 1 1 1 
0 0 1 1 0 1 1 0 1 0 1 0 0 1 1 0 1 1 1 0 1 0 1 1 1 0 0 1 0 1 0 1 1 1 1 1 1 1 1 1 1 0 1 0 1 1 0 1 1 1 1 1 1 0 0 1 1 1 0 0 0 1 0 1 1 1 1 1 0 1 1 1 1 1 1 1 0 1 0 0 1 0 1 0 0 1 0 1 1 1 1 1 1 1 1 1 1 1 1 1 
0 1 1 1 0 1 1 0 1 0 1 1 1 1 0 1 1 1 1 1 0 1 1 1 1 1 1 0 1 1 0 1 1 1 1 1 1 1 0 1 1 0 1 1 1 1 0 0 0 0 1 0 1 0 1 0 0 0 1 1 1 0 1 1 0 1 1 1 0 1 1 0 0 1 1 1 1 1 1 0 1 0 1 1 1 1 1 0 0 1 1 0 1 1 0 1 0 1 1 1 
1 0 1 1 1 1 0 1 1 0 1 1 1 0 0 1 0 0 0 1 1 1 0 1 0 0 0 1 1 1 0 1 0 1 1 0 0 0 1 1 0 1 0 0 0 1 0 0 1 0 1 1 0 1 1 1 0 1 0 1 1 1 1 0 1 1 1 1 0 1 0 1 1 1 1 1 1 1 1 0 0 0 0 1 0 0 0 0 1 1 1 1 1 1 1 1 1 0 0 1 
0 1 1 1 0 0 1 0 1 1 1 0 1 1 1 1 0 1 1 0 1 1 1 1 1 1 1 1 1 0 0 1 1 1 1 1 0 1 0 1 1 1 1 1 1 0 0 1 1 0 1 0 0 1 1 1 1 1 1 1 0 1 1 1 1 0 1 1 1 1 0 1 1 0 1 1 0 1 1 0 1 0 1 1 0 1 0 1 0 0 1 0 0 1 1 1 1 1 1 0 
1 1 0 1 1 1 1 1 0 0 0 1 0 1 1 1 1 1 1 1 0 1 1 1 1 1 1 1 1 0 0 1 0 0 1 1 0 1 1 1 1 1 0 1 0 0 1 1 0 0 1 1 1 1 1 1 0 0 1 1 0 1 1 1 1 1 1 1 1 1 1 1 1 0 1 1 0 0 1 1 1 1 0 1 1 1 0 1 0 1 1 0 0 0 0 1 0 0 1 1 
1 1 1 1 0 1 0 1 0 1 1 1 1 1 0 1 1 1 0 0 1 1 1 0 1 0 1 1 1 1 1 1 1 1 1 1 0 1 0 0 1 1 1 0 0 0 1 0 1 0 1 0 0 1 0 1 1 1 1 1 1 0 1 1 0 1 1 1 0 1 1 0 0 1 1 1 0 1 1 1 1 1 1 0 1 1 1 1 1 1 1 1 0 1 0 1 0 1 1 1 
1 1 0 1 0 1 0 0 1 0 1 1 1 1 1 0 0 1 1 0 1 0 1 0 0 1 0 0 0 1 1 0 0 1 1 1 0 0 1 1 0 0 0 1 1 0 1 0 1 1 1 0 1 1 0 0 0 1 0 1 1 1 1 0 0 1 1 1 1 0 1 1 0 0 1 1 1 0 0 1 1 1 0 1 0 0 1 1 1 1 1 0 0 1 1 0 1 1 0 1 
1 1 0 1 1 1 1 1 1 0 1 1 1 1 1 0 1 1 1 1 1 1 1 1 1 1 0 1 0 0 1 0 0 1 1 0 0 1 1 1 1 1 0 1 1 0 1 0 1 1 1 1 1 1 0 0 1 1 0 1 1 0 1 1 0 1 1 1 1 1 1 0 1 1 1 1 1 0 1 1 1 0 0 1 1 0 1 0 1 1 0 1 0 0 0 0 0 1 0 1 
0 1 1 1 0 1 0 0 1 0 0 1 1 0 0 1 0 0 1 1 0 0 1 1 1 1 0 0 0 1 1 1 0 0 1 0 1 1 1 1 1 0 1 0 1 0 1 1 1 1 1 1 1 1 1 1 0 0 1 0 1 0 1 1 0 1 1 1 0 0 1 1 1 0 1 0 0 1 1 1 1 1 0 1 0 1 0 1 1 1 0 1 1 1 0 1 1 1 0 1 
1 0 1 0 1 1 0 0 1 1 1 1 1 1 1 1 1 1 1 1 1 1 1 0 1 1 0 1 1 1 1 0 1 1 1 1 1 1 1 0 1 0 1 1 1 1 1 1 1 0 0 1 0 1 0 1 0 1 1 1 1 1 1 0 1 1 1 0 1 1 0 0 1 1 1 1 0 0 1 0 1 1 1 1 1 1 1 0 0 1 1 1 1 0 1 0 1 1 0 0 
0 1 0 1 0 0 1 1 1 1 0 1 0 0 1 1 1 1 1 0 1 1 1 1 0 1 1 0 0 1 1 0 1 0 1 1 0 1 1 0 1 0 1 0 0 1 1 0 1 1 1 1 1 1 0 1 1 1 0 1 1 0 0 1 0 0 1 1 0 1 0 1 1 1 1 1 1 1 1 0 0 1 1 1 0 1 0 0 0 1 0 0 1 1 1 1 1 1 1 0 
1 1 0 1 0 1 1 1 0 1 0 1 1 1 1 1 1 1 0 1 1 0 1 1 0 0 1 1 1 0 1 0 0 1 0 0 1 1 1 0 1 0 1 1 1 1 0 1 0 1 1 1 1 1 1 1 0 1 0 1 1 0 1 1 0 1 1 1 1 1 1 1 1 1 0 0 1 1 1 0 0 0 1 1 0 0 1 1 1 0 1 1 0 1 0 0 0 1 1 1 
1 0 0 1 1 1 1 0 1 1 1 1 1 1 0 1 1 1 1 0 1 0 1 0 1 0 0 1 0 0 0 1 0 0 1 1 0 0 1 1 0 1 0 1 1 1 1 1 1 1 1 1 0 1 0 0 1 0 1 0 1 1 1 1 1 1 1 1 1 1 0 1 1 1 1 0 0 1 1 1 1 1 1 0 1 1 1 1 1 1 0 0 1 1 1 1 0 1 1 0 
0 1 1 1 0 1 1 1 1 0 1 1 1 1 1 1 1 1 1 0 1 1 1 1 1 1 1 0 1 1 1 1 1 1 1 1 1 1 1 1 0 1 0 1 1 1 1 1 1 1 0 1 1 1 1 0 1 1 1 0 0 1 1 1 0 0 1 1 0 1 1 0 1 1 1 1 0 1 1 1 1 0 1 1 1 1 1 0 1 1 0 0 1 1 1 0 1 0 0 0 
1 1 0 1 1 1 1 1 0 0 1 1 0 0 1 0 1 1 1 1 1 1 0 1 1 1 1 1 1 1 1 1 1 1 1 1 0 1 1 1 1 1 1 1 0 1 0 1 1 1 0 1 1 0 0 0 1 1 1 1 0 0 1 1 0 0 0 1 1 0 0 1 1 0 0 1 1 1 1 0 0 1 0 1 1 1 1 1 0 1 1 1 0 1 1 1 0 0 0 0 
0 1 1 1 0 1 1 1 1 1 1 0 1 0 1 1 0 1 0 1 1 0 0 1 1 1 1 1 1 0 1 1 1 0 1 0 1 0 1 0 1 1 0 0 0 1 1 1 1 1 1 0 1 1 1 1 1 1 1 0 0 1 1 1 1 0 0 1 1 1 1 0 0 1 1 1 1 1 0 1 1 0 0 0 1 1 0 1 1 1 0 1 1 0 1 0 1 0 0 1 
1 0 1 0 1 0 1 1 1 1 0 0 0 1 0 1 1 1 1 1 0 1 1 1 0 0 1 0 1 1 0 0 1 0 1 1 1 1 1 0 1 1 0 0 0 1 1 1 1 1 0 1 1 1 1 1 1 1 0 0 1 1 1 1 1 1 1 1 0 1 1 0 1 1 0 1 1 0 1 0 1 0 1 0 0 1 1 0 0 1 1 1 0 1 0 0 1 0 1 1 
1 1 1 1 0 0 1 1 1 1 0 1 1 1 1 1 1 1 0 1 1 1 1 1 1 1 1 1 1 0 1 1 1 1 0 1 1 1 1 1 1 0 1 1 1 0 0 0 0 0 1 1 1 1 1 1 1 1 0 1 1 0 1 1 0 1 0 1 1 1 1 1 1 1 0 0 1 1 0 1 1 1 1 1 0 0 1 1 1 1 1 1 1 1 1 0 1 1 0 1 
0 0 1 0 1 1 0 0 0 0 1 0 0 1 1 0 1 0 1 0 1 1 1 1 1 0 1 1 1 1 0 0 1 1 1 1 1 0 0 1 0 0 1 1 1 1 0 1 1 1 1 0 1 0 0 0 0 0 1 0 1 1 0 1 1 0 1 1 1 1 1 1 1 1 1 1 1 1 1 1 0 0 0 1 0 1 1 1 1 0 0 1 1 0 0 0 0 0 1 1 
0 0 1 0 1 1 1 1 1 0 1 1 0 0 0 1 0 1 1 1 0 1 1 1 1 1 0 0 0 0 0 1 0 0 0 0 0 1 0 0 0 1 0 1 0 1 0 1 1 0 1 1 1 0 1 1 0 0 1 1 1 1 1 0 0 1 0 0 1 0 1 1 0 1 1 1 1 1 0 0 1 1 0 1 1 0 1 0 0 1 1 1 0 1 1 1 0 0 0 1 
0 0 0 1 1 1 1 1 1 0 1 1 0 1 0 1 1 0 1 1 0 1 1 1 1 0 0 0 0 1 1 1 1 0 0 1 0 1 1 1 1 1 1 1 1 1 1 1 1 1 1 1 1 1 0 1 1 1 1 0 1 1 1 1 1 1 1 1 1 1 1 0 1 1 1 1 0 0 1 0 0 1 1 1 0 0 1 1 0 1 1 1 0 1 1 1 1 0 0 1 
1 0 1 1 1 0 0 1 0 1 1 1 1 1 1 1 1 1 0 1 1 1 0 1 1 0 1 1 1 0 1 1 1 1 0 1 1 1 0 1 1 1 0 1 1 1 0 0 1 1 1 1 1 0 1 1 1 1 1 1 1 1 1 1 0 0 1 0 1 1 1 1 1 1 1 1 1 1 1 1 1 1 0 1 0 0 1 1 0 1 0 1 1 0 0 1 0 1 1 0 
