100
39 91 30 14 54 76 63 59 8 88 74 17 15 9 56 1
0 1 0 0 0 1 0 1 1 1 0 0 1 0 0 0 0 0 1 1 1 0 1 1 1 1 1 0 1 1 0 0 1 1 0 1 1 0 1 1 0 0 1 1 1 0 0 0 1 0 1 1 0 1 1 0 1 1 1 0 0 1 0 0 1 1 1 0 0 0 1 1 1 1 1 0 1 1 1 1 0 1 0 1 0 0 1 1 1 1 1 0 1 1 1 0 1 1 0 0
0 0 0 0 0 1 1 1 1 1 1 0 0 1 1 1 0 0 0 0 1 1 1 1 0 0 0 0 1 0 0 1 1 1 1 1 1 0 1 0 1 1 0 0 0 1 1 0 0 0 0 1 0 1 1 1 1 0 0 0 1 1 0 0 0 1 1 0 1 1 1 1 0 0 1 0 1 0 1 0 1 0 0 0 0 0 1 1 0 0 0 0 0 0 1 1 1 0 0 0
1 0 0 1 0 0 0 1 1 1 0 0 0 1 1 0 1 0 0 1 0 1 1 1 0 1 1 1 0 0 0 1 0 0 0 0 0 0 1 0 0 1 1 1 1 0 0 1 1 0 1 1 0 1 1 0 0 0 0 0 0 0 1 0 0 0 0 0 0 0 1 1 1 0 1 1 0 0 1 1 0 0 1 1 1 0 0 1 0 0 1 1 0 1 1 0 0 1 0 0
0 0 0 0 1 1 0 0 0 1 1 0 0 0 1 0 1 1 1 1 1 0 1 1 0 1 0 1 1 1 0 1 0 0 0 1 0 1 0 0 0 0 1 1 0 1 1 1 1 0 0 0 1 0 0 1 0 1 1 1 0 1 1 1 1 1 0 0 1 1 0 1 1 1 1 1 0 0 0 1 1 0 0 0 0 1 1 0 0 1 0 0 0 1 1 0 1 0 0 0
1 1 0 0 0 1 0 0 0 0 1 1 1 1 1 0 1 0 1 0 0 1 0 1 1 0 1 0 0 1 1 0 1 1 0 1 1 1 0 1 1 0 0 1 1 1 1 0 0 1 1 1 1 1 0 1 1 0 0 0 0 1 0 0 0 0 1 1 0 1 0 1 1 1 1 1 1 0 0 0 0 0 0 0 0 0 0 1 0 1 1 1 1 0 1 1 0 0 0 0
0 0 0 1 0 0 0 0 0 0 1 0 1 0 1 0 0 0 0 1 1 1 0 1 0 0 1 0 0 1 1 1 1 1 1 0 0 1 1 1 1 0 1 1 1 0 1 0 1 0 1 0 0 1 0 0 0 1 1 1 0 0 1 1 1 1 0 1 0 0 0 0 0 0 1 1 1 1 1 0 1 0 0 1 0 1 0 0 0 1 0 1 0 0 1 0 0 1 0 0
0 0 1 0 1 0 0 1 0 1 1 0 1 0 0 0 0 1 1 0 0 0 0 0 1 0 0 0 1 1 0 1 0 0 0 0 1 1 0 1 1 1 0 1 0 0 0 1 0 0 0 0 0 1 1 0 0 0 0 1 1 1 1 1 0 1 0 0 1 1 1 1 1 1 0 0 0 1 1 1 1 1 0 0 1 0 1 0 1 1 0 0 0 0 1 0 1 1 0 0
0 1 0 0 0 1 0 0 0 1 0 1 0 1 0 0 0 1 0 0 1 1 0 1 1 1 1 1 0 0 0 1 0 1 1 1 1 0 1 1 1 0 0 1 1 0 0 1 1 1 0 1 1 1 1 1 1 0 1 1 0 1 1 1 0 0 1 0 1 1 1 1 0 0 0 1 1 1 1 0 1 0 0 1 1 1 1 1 0 0 1 1 0 1 0 1 1 1 0 0
1 1 0 1 1 1 0 0 0 0 0 1 0 1 1 0 1 1 0 0 1 0 0 1 1 1 0 0 1 0 1 0 1 1 1 0 1 1 1 1 1 1 1 0 0 0 1 0 0 1 0 0 0 1 0 0 0 1 1 1 1 1 0 1 0 1 0 1 0 0 1 0 1 1 0 0 0 1 1 0 1 1 1 1 1 1 1 0 1 0 0 1 0 0 1 1 1 1 0 0
1 0 0 0 1 1 1 0 0 0 0 0 1 0 1 1 0 1 0 0 0 1 1 1 1 1 1 1 1 1 1 1 1 1 1 1 0 0 0 0 1 0 1 0 1 1 1 1 0 0 1 1 1 0 1 0 1 0 1 1 1 0 0 1 0 0 1 0 0 0 1 0 0 0 1 0 0 0 0 1 0 1 1 1 0 0 0 1 0 1 0 1 1 1 0 0 1 1 1 0
1 0 0 0 1 1 1 0 1 0 0 0 0 1 0 1 0 0 0 1 0 1 1 1 0 1 0 0 1 1 0 0 0 0 0 1 1 1 0 1 0 1 0 1 0 1 1 0 0 1 1 1 1 1 1 1 0 1 1 0 0 0 0 1 1 1 0 0 1 0 1 1 0 1 1 0 1 0 1 1 0 0 1 0 1 1 1 1 1 1 0 1 0 0 1 0 0 0 1 0
0 1 0 0 0 0 0 1 0 1 0 0 1 1 0 0 0 0 0 0 0 0 1 1 1 0 1 1 0 1 1 0 1 1 0 1 1 1 1 0 0 0 0 0 1 1 0 0 1 1 1 1 0 1 1 0 1 0 1 0 1 1 1 0 0 0 0 1 1 0 1 1 0 1 0 0 1 1 1 1 1 0 0 1 0 0 1 1 0 1 0 0 0 1 0 0 1 1 0 0
0 0 1 0 0 1 1 0 1 0 0 0 0 1 1 1 0 0 0 1 0 1 0 1 0 0 1 1 0 0 1 1 0 1 1 1 1 1 0 0 1 1 1 1 1 0 1 0 1 1 1 1 1 1 0 0 1 0 1 1 1 0 1 0 1 1 0 0 1 0 0 0 1 0 0 0 1 1 1 0 0 0 0 1 1 0 1 0 1 1 0 0 1 0 0 1 1 1 0 0
0 0 0 1 1 1 0 1 0 0 0 1 0 0 0 0 1 0 0 1 1 1 1 0 0 0 1 0 1 0 1 0 0 0 0 0 1 0 0 1 0 1 0 1 1 0 0 0 0 1 1 0 1 1 1 1 0 0 0 1 0 1 0 1 0 1 0 1 1 1 0 0 1 0 1 0 1 0 0 1 0 0 0 1 0 1 1 0 0 0 0 1 0 1 1 0 0 1 1 0
0 0 1 1 1 0 0 1 1 0 1 0 1 0 0 1 1 1 0 0 0 1 0 1 1 1 1 0 0 0 0 1 0 1 0 0 1 0 0 0 0 0 1 1 1 0 0 0 0 1 1 0 1 1 1 0 0 1 0 0 0 1 1 1 1 0 1 1 0 0 1 0 0 1 1 1 1 0 1 0 1 1 0 1 1 1 0 0 1 0 1 0 1 1 1 1 1 0 0 0
0 1 0 0 1 1 1 1 1 0 1 1 0 1 0 0 0 0 0 1 1 0 1 0 1 1 1 0 0 1 1 1 0 1 1 0 1 1 0 0 1 1 0 1 1 1 1 1 1 0 1 1 0 0 0 0 1 0 1 0 0 0 0 0 1 1 1 1 1 1 0 0 1 0 1 0 0 0 0 0 1 0 0 0 0 0 1 0 1 0 1 1 1 0 0 0 0 0 1 0
1 1 0 1 0 0 1 1 0 1 0 1 1 0 0 0 0 1 1 0 1 0 1 1 0 1 1 0 1 0 0 0 1 0 0 1 1 0 0 0 0 0 1 0 0 1 0 0 0 1 0 1 1 1 0 1 0 1 1 1 1 1 1 0 0 1 0 1 1 1 1 0 0 0 1 1 1 0 1 0 1 1 1 1 0 1 1 1 1 1 0 1 1 1 1 0 0 0 1 0
1 0 1 0 0 1 1 1 1 0 1 1 0 1 0 0 0 0 1 1 0 0 0 0 1 1 1 1 0 0 1 0 1 1 0 1 1 0 1 1 0 0 1 0 0 1 1 1 1 1 1 1 1 0 0 0 1 1 1 1 0 0 0 0 1 1 0 1 0 0 0 1 1 1 0 1 0 0 1 0 0 0 1 0 1 1 0 0 0 0 1 0 0 0 0 0 0 1 0 0
1 1 0 1 1 1 0 0 0 0 1 0 1 0 1 1 0 0 0 0 1 1 0 0 1 0 0 0 0 0 0 0 0 1 0 1 0 0 1 1 0 1 0 1 1 0 1 1 1 0 0 0 0 0 0 0 1 1 0 0 0 1 0 1 1 0 1 1 0 0 1 0 1 1 1 1 0 1 0 0 0 0 1 0 0 0 0 1 1 1 1 1 1 0 1 1 0 1 1 0
0 0 0 1 1 0 0 1 1 1 0 1 0 1 1 1 0 1 0 0 1 0 1 0 0 1 0 0 1 1 1 0 1 0 0 1 1 0 0 1 1 0 0 1 1 0 0 1 1 0 0 0 1 0 1 0 0 1 1 0 0 1 1 0 1 1 1 1 0 0 1 1 0 0 0 1 0 1 1 0 0 1 1 1 1 0 1 1 1 0 1 1 0 1 1 1 0 0 1 0
1 1 1 0 0 0 0 0 0 1 1 1 0 1 1 0 1 0 1 0 0 0 1 0 1 1 0 1 0 1 0 0 0 0 1 1 1 0 1 0 1 1 0 0 0 0 1 1 1 1 0 0 1 1 0 0 1 1 1 1 1 1 0 0 0 0 0 1 0 1 0 1 0 1 0 1 0 0 1 1 0 1 1 0 0 0 1 0 0 1 1 0 0 0 0 0 0 0 0 0
1 1 1 1 0 0 0 0 0 0 0 0 0 0 1 0 1 0 0 1 0 0 0 0 1 1 1 0 1 0 1 1 1 0 0 0 1 1 1 0 0 0 1 0 1 1 0 1 0 1 1 0 1 1 0 1 1 0 1 0 1 0 1 1 1 0 1 0 0 0 0 0 0 1 1 1 0 1 1 1 1 0 0 1 0 1 1 0 1 1 1 0 0 1 1 0 1 0 0 0
0 0 0 1 0 0 0 1 0 1 1 0 1 0 1 1 0 0 0 0 1 0 0 1 1 1 1 1 1 1 1 0 0 0 1 1 1 1 0 1 0 0 1 0 1 1 0 1 0 0 0 0 1 1 0 1 1 1 0 0 0 1 0 0 1 0 1 0 1 0 0 1 0 1 0 1 1 0 0 1 1 1 0 0 1 1 1 0 1 0 1 0 1 0 1 0 1 1 1 0
1 0 0 0 0 1 0 0 1 1 0 1 1 1 1 0 1 1 1 0 0 1 0 0 0 1 1 1 0 1 0 0 0 1 1 0 0 1 1 0 0 0 1 0 0 0 1 0 0 0 1 1 0 1 1 1 0 1 1 0 0 0 0 0 1 1 0 1 1 0 0 0 0 0 1 1 0 0 1 0 1 1 0 0 1 0 1 1 0 1 0 0 0 0 1 0 1 1 0 0
0 1 1 1 1 1 1 1 0 1 0 0 0 0 0 1 1 1 0 1 0 0 0 0 0 1 1 0 0 1 1 0 0 0 1 0 1 1 1 1 0 0 0 1 1 0 1 0 1 1 1 0 0 0 1 1 1 0 1 0 1 1 0 1 0 1 1 0 1 0 1 0 0 0 0 1 1 1 0 1 1 0 1 1 0 0 1 0 0 0 0 0 0 1 1 0 1 0 1 0
0 1 0 1 1 1 1 0 0 0 0 1 1 1 1 0 1 1 0 1 1 0 1 0 0 0 0 1 0 0 0 1 0 1 1 0 1 0 1 1 0 0 0 0 1 0 1 1 0 0 0 0 0 0 1 0 0 1 1 1 0 0 1 0 0 0 0 0 1 0 1 1 1 1 0 1 0 0 1 1 1 0 1 0 0 0 1 0 0 0 0 1 1 1 0 1 1 1 0 0
1 0 1 0 1 0 0 1 0 0 1 0 0 1 1 0 0 1 0 1 1 0 0 1 1 0 0 0 0 1 0 1 0 1 1 1 1 0 0 0 0 1 0 0 0 0 0 0 0 0 0 0 0 1 1 1 1 1 1 0 1 1 0 1 0 0 0 1 0 0 1 1 0 0 1 0 0 0 1 0 1 0 1 1 0 0 1 0 0 1 0 1 1 0 0 1 0 1 0 0
0 1 0 0 1 0 0 0 0 1 0 1 0 1 1 0 1 1 0 1 1 1 1 1 1 0 0 0 1 1 0 0 0 0 0 0 0 1 1 0 0 1 0 1 0 0 1 0 1 1 0 0 1 1 0 0 1 0 0 1 0 1 1 1 0 0 1 0 0 1 1 1 0 0 1 0 0 0 1 1 0 1 1 1 1 1 0 1 1 0 0 1 0 1 1 1 1 0 0 0
0 0 1 1 1 0 0 1 0 1 1 1 1 1 0 1 0 0 1 0 0 0 0 0 1 0 1 0 0 0 0 1 0 1 0 1 1 1 1 1 0 0 0 0 0 0 1 1 1 1 0 0 1 0 0 0 1 1 0 1 1 1 0 0 1 1 1 1 1 0 1 1 1 0 1 0 0 0 0 0 1 0 1 0 0 1 0 1 1 0 0 1 0 1 0 1 0 1 0 0
0 1 0 1 1 1 1 1 0 0 0 0 0 0 0 0 0 1 0 0 1 0 0 1 0 0 1 0 0 0 1 1 0 1 1 0 0 0 1 1 1 1 0 1 0 1 1 1 0 1 1 0 0 1 0 1 1 0 1 1 1 0 0 0 0 0 1 0 0 0 0 0 0 0 0 1 0 0 1 0 0 1 1 1 1 0 0 0 0 1 1 0 1 0 1 0 0 0 1 0
0 1 1 1 1 0 0 1 1 1 0 0 1 0 1 1 0 1 0 0 1 0 1 0 1 1 1 0 0 0 0 0 0 1 0 0 0 0 1 0 0 0 1 1 1 1 1 0 0 0 1 1 1 0 0 1 0 0 1 0 1 1 0 1 1 0 1 0 1 1 0 1 0 0 1 0 1 1 1 1 0 0 0 1 0 0 1 0 0 0 0 0 1 0 1 1 0 0 0 0
0 0 0 0 0 0 1 0 1 0 1 1 1 1 0 1 0 0 1 1 0 0 1 0 1 1 0 1 0 1 0 0 1 0 0 0 0 1 0 1 0 1 0 0 1 0 0 0 0 1 1 0 1 1 0 0 0 0 0 1 0 0 1 0 1 0 1 1 1 0 1 1 0 1 1 1 0 1 1 0 1 1 1 0 1 1 1 1 0 0 1 0 1 0 1 1 1 0 1 0
0 0 1 1 0 1 1 0 1 1 0 1 1 0 1 1 0 0 0 0 0 1 1 0 1 1 1 1 1 0 0 0 0 0 1 1 1 1 0 0 0 0 1 0 0 0 1 0 1 1 0 0 0 0 0 0 1 1 1 1 1 1 1 1 1 1 1 1 0 1 1 1 1 1 1 0 0 0 1 0 1 0 1 1 1 0 0 0 1 1 1 0 0 1 0 1 0 0 0 0
0 1 1 1 1 0 0 0 1 0 0 0 1 1 0 1 0 0 0 0 0 0 0 0 1 1 1 1 1 1 0 0 0 0 0 1 1 0 1 1 1 0 1 1 1 1 1 0 1 1 0 1 1 1 0 1 0 0 0 0 1 1 1 1 1 1 1 1 1 0 1 1 0 0 0 0 1 0 0 0 1 0 1 0 0 0 1 1 1 0 1 0 1 0 1 1 1 1 0 0
1 0 0 0 1 0 0 1 0 0 1 1 1 0 1 0 0 1 0 1 1 0 0 0 0 1 1 1 0 0 0 0 1 0 0 1 1 1 0 1 0 1 0 0 1 0 1 0 0 1 0 0 0 0 1 0 0 0 1 0 0 1 0 1 0 1 1 1 0 0 0 0 0 0 1 1 1 1 1 0 1 0 1 1 0 0 0 1 1 0 1 1 0 0 0 0 1 0 1 0
1 1 0 1 1 0 1 1 0 0 1 0 0 0 0 0 1 0 0 0 1 0 0 0 1 1 1 1 0 1 1 1 0 1 0 0 1 0 1 1 0 0 0 0 0 0 1 1 0 1 1 1 0 1 0 1 1 1 1 1 1 1 1 0 1 1 1 1 1 0 1 0 0 1 1 1 0 1 1 1 1 1 0 1 1 0 1 0 0 1 1 0 1 1 1 0 0 0 1 0
0 1 0 1 0 0 1 1 0 1 0 0 1 1 0 0 1 0 1 0 0 0 1 1 1 0 1 1 1 0 0 1 0 1 0 0 0 0 1 1 0 0 0 0 0 1 0 0 1 1 0 0 1 1 0 0 0 1 0 1 1 0 0 0 1 1 0 1 1 0 0 1 1 1 0 1 0 1 1 1 0 0 0 0 0 0 0 0 1 1 0 1 0 1 0 0 1 0 1 0
0 0 0 1 1 0 1 1 0 1 1 1 0 1 0 0 0 0 0 1 0 1 1 0 0 1 0 1 1 0 1 0 0 1 1 1 0 0 1 1 1 1 0 1 0 1 0 0 0 0 1 1 1 1 1 1 0 0 0 1 1 0 1 1 0 1 0 0 0 1 1 1 0 0 1 0 0 1 0 1 0 1 1 1 1 1 0 1 0 0 1 0 1 1 1 1 1 0 1 0
1 0 1 0 0 0 1 1 1 0 1 1 1 1 0 1 1 0 1 1 0 1 0 0 1 0 1 0 0 0 1 1 0 0 0 0 1 0 0 1 1 1 0 0 0 0 1 1 1 0 0 0 1 0 0 0 0 0 1 1 1 0 1 0 1 0 1 0 1 1 1 0 1 0 1 1 0 1 1 1 0 0 0 1 1 0 0 1 0 1 0 1 1 0 0 1 0 0 1 0
0 0 0 1 1 1 0 1 0 0 1 0 1 1 1 1 0 0 0 1 1 0 0 1 0 1 1 0 0 1 1 1 1 1 0 1 1 1 0 0 1 1 0 0 0 1 0 0 1 1 0 1 1 0 0 1 1 1 1 0 1 1 1 1 1 0 0 1 1 1 0 0 0 1 1 0 0 1 0 0 0 1 1 1 0 0 0 0 1 0 0 0 0 0 1 0 0 1 1 0
0 1 0 0 1 1 1 1 1 1 0 1 1 1 1 1 0 1 1 1 1 1 0 0 0 0 0 0 0 0 1 1 1 0 1 0 0 0 1 0 0 0 0 0 1 0 0 1 0 0 0 1 0 1 1 1 1 1 1 0 1 0 1 1 0 1 1 1 1 1 0 1 1 0 1 0 0 0 1 1 1 0 1 1 0 1 0 1 0 0 1 0 0 1 1 1 1 1 0 0
0 0 0 1 0 0 0 1 0 0 1 0 0 1 0 0 1 1 1 1 1 0 0 0 0 1 1 1 1 1 0 0 0 1 1 0 1 1 1 0 0 0 1 1 0 0 0 0 0 1 0 1 1 1 1 0 1 0 1 0 1 1 0 0 1 0 1 1 0 1 1 1 0 0 0 0 1 1 1 1 0 0 0 1 0 1 0 1 0 1 1 1 1 1 0 0 0 0 0 0
1 1 0 0 1 0 0 0 0 0 0 1 1 0 1 0 1 0 1 0 0 0 1 1 0 0 1 0 0 1 0 1 1 1 0 1 0 1 1 1 1 0 0 1 0 1 0 1 1 1 0 1 0 1 0 1 0 1 0 1 0 1 0 1 0 0 1 1 1 1 0 1 1 1 0 0 1 1 0 0 1 1 0 0 1 1 1 1 1 0 1 0 1 0 0 0 0 0 0 0
1 1 1 0 0 1 0 0 1 1 1 1 1 0 1 1 1 0 0 0 1 1 1 1 1 1 1 1 1 1 1 1 0 1 0 1 0 1 1 0 1 1 0 0 1 0 1 0 1 1 0 1 1 0 0 0 1 0 1 1 1 0 1 0 0 0 1 1 1 0 1 1 1 0 1 1 1 1 0 1 0 0 0 1 1 1 1 0 1 1 0 0 1 1 0 1 0 0 0 0
0 0 1 1 1 1 0 1 0 1 1 0 0 1 0 1 1 1 0 1 1 1 1 1 0 1 0 0 0 1 1 1 1 1 1 0 1 1 0 0 0 0 0 0 0 1 0 0 1 0 0 0 1 0 1 1 0 1 1 1 1 0 1 1 1 0 1 1 1 0 0 0 1 0 1 1 1 1 0 1 1 0 1 0 1 0 1 1 0 0 0 0 0 0 1 0 0 0 0 0
0 1 1 1 1 1 1 0 0 1 1 1 0 0 1 0 0 0 0 1 1 1 1 0 1 0 1 1 0 0 1 1 0 0 1 1 0 1 0 1 0 1 0 1 0 0 0 1 0 0 0 0 0 1 1 0 1 0 0 1 0 1 0 1 0 0 0 1 1 1 0 1 1 1 0 1 1 1 1 0 0 0 1 0 0 1 0 1 1 1 0 1 1 0 0 0 1 0 1 0
1 0 0 0 0 1 1 0 1 1 0 1 0 0 0 1 1 0 1 0 0 0 0 1 1 0 1 0 1 1 0 1 1 1 0 1 0 1 1 0 0 1 1 0 1 0 0 1 1 0 0 0 0 0 0 0 0 1 0 0 0 0 1 0 0 0 1 0 0 0 0 0 0 0 0 0 1 1 1 0 0 1 1 0 0 1 0 0 1 0 1 0 1 0 1 1 0 0 0 0
0 1 0 0 1 0 1 0 0 0 1 1 0 1 1 1 0 1 0 1 1 1 1 1 1 0 1 1 0 1 1 1 0 0 0 0 0 1 0 0 1 0 1 1 1 0 0 0 1 1 1 1 0 1 1 1 1 1 1 0 0 0 1 0 0 0 1 1 0 1 0 1 1 1 1 0 1 0 0 1 0 1 0 1 0 1 1 0 0 0 0 1 1 0 0 0 0 0 0 0
1 0 1 1 1 0 1 0 1 0 0 0 0 0 0 0 1 0 1 0 1 0 1 0 1 1 1 0 0 1 1 1 1 0 0 0 0 0 1 0 1 1 0 0 1 1 1 0 0 0 0 0 0 0 1 1 0 0 0 1 0 1 1 0 0 1 1 0 0 0 0 1 1 1 1 0 1 1 0 0 1 1 1 1 1 0 0 0 1 0 1 1 0 1 0 0 1 1 0 0
1 0 0 0 0 1 0 1 1 1 0 0 0 1 0 0 1 0 1 0 1 1 0 1 1 1 0 0 1 0 1 0 1 1 1 0 0 0 0 0 1 0 1 1 0 1 1 1 0 0 1 0 0 1 0 1 0 0 0 1 0 1 0 0 1 1 1 1 0 0 1 0 0 0 0 0 0 0 1 1 1 1 0 1 1 0 0 1 0 1 0 1 1 0 0 0 0 1 0 0
1 1 0 1 0 0 1 0 0 1 1 0 0 0 1 0 1 1 0 0 1 0 1 0 0 1 0 0 0 1 0 0 1 0 1 1 0 1 1 1 0 1 1 0 0 1 0 1 0 0 0 1 0 1 0 1 0 0 1 1 1 1 0 1 1 0 1 1 1 0 0 0 0 1 0 1 0 1 0 0 0 0 1 1 1 0 0 1 0 1 0 1 0 1 1 1 1 1 0 0
1 0 0 1 1 1 0 0 0 0 1 1 1 1 0 1 1 0 0 0 0 1 1 0 0 1 1 0 1 0 1 0 1 1 0 1 1 1 1 1 1 0 0 1 1 1 0 0 1 1 0 0 1 0 1 0 1 0 1 1 0 0 1 1 0 1 1 1 1 1 1 0 0 1 0 1 1 1 0 1 1 1 1 0 1 0 1 0 1 0 0 1 1 1 0 1 0 0 0 0
0 1 1 1 1 1 0 0 1 0 0 0 0 1 1 0 1 0 1 0 1 0 1 1 1 0 1 1 0 0 1 1 0 0 0 0 1 0 0 1 1 1 1 1 0 1 1 1 0 1 0 0 0 1 0 0 0 0 0 1 0 0 0 1 1 1 0 0 0 0 0 0 0 1 1 0 1 1 1 0 1 1 1 1 1 0 1 0 1 1 1 0 0 0 0 0 0 1 0 0
1 0 1 0 1 1 0 0 0 1 0 0 0 0 1 1 1 0 0 0 1 1 0 1 0 0 0 0 0 1 0 1 0 0 1 0 0 1 0 0 0 0 1 0 0 1 1 0 0 0 1 1 0 0 1 0 0 1 1 0 1 1 1 1 0 0 1 0 0 1 0 1 0 1 0 0 0 1 0 1 1 0 1 0 0 1 1 1 0 0 0 1 1 1 0 1 1 0 1 0
0 0 1 0 1 1 0 0 0 0 1 0 1 0 1 0 1 0 1 1 1 0 1 1 1 1 0 1 1 0 1 1 1 1 0 0 1 1 1 1 1 0 1 1 0 0 0 0 1 0 0 0 0 0 0 0 1 0 0 1 0 0 1 0 0 0 0 1 1 0 0 1 0 0 1 1 1 0 1 0 0 1 1 0 1 1 1 0 0 1 0 1 1 1 1 1 0 0 1 0
1 1 1 0 1 1 1 1 0 0 1 0 0 1 1 1 0 1 0 0 1 1 1 0 1 0 1 0 1 1 0 0 1 1 0 0 1 0 1 1 0 0 1 0 0 0 0 1 0 1 0 0 1 1 0 0 0 0 0 1 1 0 0 1 0 1 1 0 1 0 1 1 0 1 0 1 1 0 1 0 0 0 0 0 1 1 0 0 0 0 0 0 1 0 0 1 1 0 0 0
0 0 1 1 0 0 1 1 0 1 1 0 1 0 1 0 1 0 0 1 1 0 0 0 1 1 1 0 0 1 1 0 0 0 1 0 0 0 0 0 0 0 1 1 0 0 1 1 1 1 0 0 1 0 0 0 0 1 0 0 0 0 0 0 0 1 1 1 1 1 0 0 1 1 0 0 0 0 1 0 0 1 1 0 0 1 0 1 0 1 1 1 0 0 0 0 1 1 1 0
0 0 0 0 0 0 1 1 1 0 1 1 0 1 1 0 1 1 0 1 0 1 0 0 1 1 0 1 0 1 0 1 0 1 0 0 1 0 0 1 1 1 1 0 0 0 1 1 0 1 1 1 1 0 0 1 0 0 0 0 0 0 1 0 0 1 1 0 0 1 1 1 0 1 1 0 1 1 1 0 1 1 0 1 0 1 0 1 0 1 1 1 0 1 0 1 0 1 1 0
0 0 1 0 1 1 0 0 1 1 0 0 0 0 0 0 0 0 0 1 1 1 1 1 0 0 0 1 1 0 1 0 1 0 0 1 0 0 1 1 1 0 0 0 0 0 0 0 0 1 1 0 0 0 0 0 0 0 0 0 0 0 0 1 1 1 1 0 0 1 1 0 0 1 0 0 1 0 0 1 0 0 0 0 0 1 0 0 0 0 1 1 0 1 1 0 1 1 0 0
0 1 1 1 1 1 1 1 1 1 0 0 0 1 1 1 1 1 0 1 1 1 0 0 0 1 1 1 1 1 0 1 1 1 1 1 1 0 0 0 1 0 1 1 1 0 1 1 0 0 1 0 0 0 1 1 0 1 0 0 1 0 0 0 0 0 0 1 0 1 1 1 1 1 1 1 0 0 1 0 1 1 0 0 0 0 0 0 1 0 0 0 1 1 0 0 0 0 1 0
0 1 1 0 1 0 1 0 0 0 1 1 1 1 0 1 0 1 0 0 1 1 1 1 0 0 1 0 1 1 1 1 1 0 1 1 1 0 0 0 0 0 1 0 0 1 0 0 1 0 1 0 1 0 0 1 1 0 0 0 0 0 0 1 1 1 0 1 1 0 0 1 1 1 1 1 0 1 1 1 0 1 1 0 1 0 0 1 0 1 0 0 0 1 1 0 0 0 1 0
1 1 0 0 1 0 0 1 0 0 1 0 1 0 1 0 1 0 0 0 0 0 1 1 0 1 1 1 0 1 1 0 0 1 0 0 0 0 0 1 0 1 0 1 0 0 0 1 1 0 0 1 1 1 0 1 1 1 0 1 0 0 1 0 0 1 1 1 0 0 1 1 1 0 0 0 0 0 0 1 0 1 0 0 1 1 1 1 1 1 1 0 0 0 0 0 0 0 1 0
0 0 0 1 0 0 0 0 1 1 0 0 0 0 0 1 0 1 1 1 1 0 1 0 1 0 0 0 1 1 0 1 1 1 0 1 1 0 0 1 0 0 1 0 0 0 0 0 1 0 1 1 0 0 1 0 1 1 0 0 0 0 0 0 0 0 1 1 0 1 0 0 0 1 1 1 0 0 1 1 0 0 0 1 1 1 0 1 0 1 1 1 1 0 1 1 0 1 0 0
1 0 0 1 1 0 0 0 1 0 0 0 1 1 0 0 0 0 1 1 0 1 1 1 1 0 0 1 1 1 0 1 1 1 1 1 0 0 1 0 0 0 0 0 0 0 1 0 1 0 0 0 0 0 1 0 1 0 0 0 1 1 0 0 1 1 0 0 1 0 1 0 1 0 1 0 1 1 0 1 0 0 1 1 1 1 0 0 1 1 0 0 0 1 0 0 0 1 0 0
1 0 1 1 0 0 0 0 1 0 1 0 0 0 0 1 1 1 0 0 0 1 1 1 0 0 1 0 1 0 1 0 0 1 0 1 0 0 1 1 1 0 0 0 1 1 1 1 1 0 1 0 1 0 1 0 0 0 0 0 1 0 1 0 0 0 1 0 1 1 0 1 0 0 1 1 1 1 1 0 1 1 1 0 1 1 0 1 1 1 1 0 1 0 0 0 0 0 0 0
0 0 0 1 1 0 0 0 0 1 1 1 1 1 1 0 0 1 0 1 1 1 1 0 0 0 1 1 1 1 0 0 0 0 0 1 1 1 0 0 1 1 0 0 0 0 0 0 1 0 0 1 0 1 0 1 0 1 1 1 0 1 0 1 0 0 1 1 0 0 0 1 1 1 0 1 1 1 1 0 1 0 0 0 1 1 1 0 1 1 0 1 1 0 1 0 1 0 0 0
1 1 0 1 0 1 0 0 0 0 0 1 0 1 0 1 0 1 0 1 0 0 0 1 1 0 0 1 0 0 0 0 1 1 1 0 1 0 0 0 1 0 1 1 0 0 0 1 1 1 1 0 1 0 1 0 0 0 0 1 1 1 1 0 1 0 0 0 1 0 1 0 0 0 1 0 1 1 0 1 0 0 1 1 0 1 0 0 1 1 1 0 0 1 1 1 1 1 1 0
0 0 0 1 1 0 1 1 0 1 1 0 0 1 1 1 0 1 1 0 0 0 0 1 0 1 0 0 1 1 0 0 0 0 1 0 0 0 1 0 0 1 0 1 0 1 1 1 0 1 1 0 1 1 0 0 0 0 0 1 1 1 0 0 0 1 0 0 1 0 0 0 0 0 1 0 0 1 1 1 1 0 1 0 1 1 1 1 0 0 0 0 0 1 0 0 0 1 1 0
1 1 1 1 1 1 0 0 0 1 0 1 0 0 1 1 0 0 0 1 0 0 0 0 0 0 0 0 0 0 1 1 1 1 0 0 1 0 1 0 1 0 0 1 0 1 0 1 0 0 0 1 0 0 0 1 0 1 0 1 1 0 0 1 0 0 1 0 0 1 1 0 0 1 1 0 0 1 1 1 0 0 0 1 0 0 1 1 1 1 1 0 0 0 1 0 0 1 0 0
1 1 0 1 1 0 1 0 0 0 1 1 1 1 1 1 1 0 0 1 1 0 1 0 1 0 0 1 1 0 1 0 0 1 1 0 1 1 1 0 0 0 1 1 0 0 0 0 1 1 1 0 1 0 1 1 0 1 0 1 1 0 0 1 1 1 1 0 0 0 1 1 1 1 0 0 1 0 0 0 1 1 1 1 0 1 0 1 1 0 0 0 1 0 0 1 1 1 0 0
0 1 0 1 1 0 0 0 0 1 1 1 1 1 1 0 1 1 1 1 1 1 0 0 0 0 0 1 1 1 0 1 0 0 1 0 0 1 0 1 1 1 0 1 0 0 0 0 1 0 1 0 1 1 0 0 1 0 0 1 0 1 0 0 0 0 1 0 1 0 0 1 0 0 0 0 1 1 1 0 0 0 0 1 1 1 0 1 0 0 0 1 0 0 1 0 0 0 0 0
0 0 1 0 1 0 1 1 1 0 0 0 0 0 0 1 0 0 1 1 1 1 0 1 1 1 0 1 1 1 1 0 0 1 1 1 1 0 0 0 0 0 0 1 1 0 0 0 0 0 1 0 0 0 1 1 1 1 0 0 1 0 0 1 0 0 1 1 1 1 0 0 1 1 0 1 1 0 1 0 0 0 0 0 1 0 0 1 1 0 0 1 0 0 1 1 1 1 0 0
1 1 1 0 0 1 1 0 0 1 1 1 0 0 1 1 1 1 0 0 0 1 1 1 0 0 1 0 1 1 1 1 0 0 0 1 0 1 0 0 1 0 0 0 1 1 0 0 1 0 0 0 0 0 0 1 1 1 0 1 1 0 1 1 1 0 0 1 0 0 0 0 0 1 0 0 0 0 1 0 1 0 0 1 1 0 0 0 1 1 0 1 1 1 0 0 1 0 1 0
1 0 0 1 1 0 1 0 0 1 1 1 1 0 0 0 1 1 0 1 0 0 1 0 1 0 0 0 0 1 0 1 0 0 1 0 0 1 0 1 0 1 1 0 1 1 1 0 0 1 0 1 1 0 1 0 0 1 0 0 0 1 0 1 0 0 1 1 1 1 1 0 0 0 1 1 0 1 1 1 1 1 0 0 0 1 1 0 0 0 1 1 1 1 1 0 1 0 0 0
0 1 0 1 0 1 1 0 1 0 1 1 1 1 1 1 1 0 1 1 0 1 1 1 1 1 0 0 1 0 1 0 1 0 0 1 1 0 0 0 0 1 0 0 1 1 0 0 1 0 0 1 0 1 0 0 0 1 0 0 1 1 0 1 0 1 1 1 1 0 1 0 0 0 0 0 0 0 1 1 1 1 0 1 1 0 1 0 1 0 1 1 0 1 0 1 1 0 0 0
1 1 0 1 1 0 0 1 1 0 0 0 1 0 1 0 1 0 0 1 1 0 0 0 0 1 0 1 0 0 0 0 0 0 1 0 1 1 0 1 0 1 1 0 1 1 0 0 1 1 1 0 1 0 1 1 1 1 1 1 0 1 1 0 1 1 0 1 1 1 0 1 0 0 0 0 1 0 1 0 0 1 0 1 1 0 0 0 1 0 0 0 0 1 0 1 1 1 0 0
0 0 0 1 0 0 0 1 1 1 0 1 0 1 0 0 0 1 0 1 0 0 0 1 1 0 0 1 0 1 0 0 1 1 0 1 1 0 1 0 0 1 1 1 1 1 0 1 0 0 1 1 0 0 0 1 0 1 1 1 0 0 0 0 0 1 0 0 1 1 0 0 1 0 0 0 0 0 0 0 0 0 0 0 1 0 1 1 1 0 0 0 1 1 1 0 0 1 1 0
1 0 1 1 0 0 1 1 0 1 0 1 1 1 1 0 1 0 0 1 1 0 1 1 0 1 1 0 1 0 1 0 0 0 1 1 1 1 1 1 0 0 0 1 1 0 0 0 1 1 1 0 0 1 1 1 1 1 1 1 1 0 1 0 1 1 0 1 0 1 1 0 1 0 1 1 0 0 0 0 0 1 0 0 1 0 1 0 0 1 1 0 0 0 1 0 0 0 1 0
1 1 0 1 0 1 0 1 1 0 0 1 0 0 0 1 1 1 0 0 1 1 1 1 0 1 1 1 1 1 0 0 1 1 0 1 0 1 1 0 0 0 0 1 1 0 0 0 1 0 0 0 1 1 1 1 0 1 0 0 0 1 1 0 0 0 1 0 1 1 1 0 1 0 0 1 1 0 0 0 0 0 0 1 0 0 0 1 1 0 1 1 0 1 0 1 0 0 1 0
1 0 0 1 0 0 0 1 0 0 0 1 1 1 0 0 1 1 1 1 1 0 0 1 1 1 0 1 1 1 1 1 1 0 1 0 1 1 1 0 1 0 0 1 1 1 1 1 1 1 0 0 0 0 0 1 1 0 0 1 1 1 1 1 0 0 0 0 1 1 0 1 0 1 1 0 0 0 0 0 0 0 0 1 1 1 0 1 0 1 1 0 0 0 0 1 0 0 1 0
0 1 1 1 1 1 0 1 0 0 1 1 0 1 0 1 0 0 1 1 1 0 0 1 0 0 0 1 1 1 0 1 0 1 0 0 1 1 1 1 0 1 1 0 1 1 0 0 1 0 0 1 0 0 1 1 0 0 1 0 0 1 0 0 1 1 0 1 0 1 1 0 1 1 0 0 1 1 0 0 0 1 1 1 1 1 1 0 1 0 0 1 0 1 1 0 1 0 1 0
1 0 0 1 1 1 1 1 1 1 1 1 0 0 1 1 1 0 0 1 1 1 0 0 1 1 0 0 0 0 1 1 1 0 1 0 0 1 1 0 0 0 0 1 0 0 1 0 0 1 1 1 0 1 0 1 1 1 0 1 0 0 1 0 1 0 0 1 1 0 0 0 0 1 0 1 1 1 1 1 0 0 1 1 0 0 0 1 0 0 0 0 1 1 1 1 1 1 0 0
1 0 0 0 0 0 0 1 0 1 0 0 0 1 1 0 0 1 0 1 1 0 1 0 0 1 1 1 0 0 0 1 0 0 1 0 0 0 0 0 1 1 1 0 0 1 1 0 1 1 0 1 1 0 0 1 1 0 1 1 1 0 1 0 0 0 0 0 0 0 0 1 1 1 1 1 0 1 0 0 0 0 0 1 0 1 0 1 1 0 1 0 1 0 0 0 1 0 0 0
0 1 0 0 0 1 0 1 0 1 1 0 0 0 0 0 1 0 1 0 1 0 0 1 0 0 0 1 1 1 1 0 1 0 0 1 0 0 0 0 0 1 1 1 0 1 1 0 0 1 0 1 0 1 1 1 1 0 0 1 1 1 0 0 1 1 0 1 1 0 0 0 0 1 1 0 1 0 0 0 1 0 0 0 1 1 0 1 1 1 0 0 0 0 1 1 1 1 0 0
1 0 0 0 1 1 1 1 1 1 1 0 0 1 0 1 0 1 0 1 0 1 1 1 0 0 0 1 0 0 1 1 1 0 0 1 1 1 0 0 1 0 0 1 0 1 0 1 0 0 0 0 1 1 1 1 0 1 1 1 0 0 0 1 0 0 1 1 0 1 1 0 1 1 1 1 0 0 1 1 1 1 0 0 0 1 1 1 1 1 0 1 1 1 0 1 0 1 0 0
0 0 1 0 0 1 0 0 0 1 1 1 1 0 0 1 0 1 0 0 0 1 0 0 1 1 0 1 1 0 1 0 1 1 1 1 0 0 1 0 0 0 0 0 1 0 1 1 0 1 1 0 1 0 0 0 1 1 1 1 1 1 1 1 0 1 0 0 0 0 1 1 1 0 0 0 1 0 1 1 1 1 1 1 0 0 1 1 0 1 1 0 0 0 1 0 0 1 0 0
1 0 1 0 0 1 0 0 0 1 1 1 1 1 1 1 0 0 1 0 1 0 0 0 0 0 1 0 1 1 0 1 1 1 0 1 1 0 0 1 1 1 1 0 0 0 0 0 1 0 0 0 0 1 0 0 0 0 1 1 1 0 0 0 1 0 0 1 1 1 0 1 0 1 1 1 1 1 1 1 1 0 0 1 1 0 0 0 0 1 1 0 1 1 1 0 0 0 1 0
1 0 0 0 0 0 1 1 0 1 0 1 1 1 1 1 1 0 0 1 0 1 1 0 1 1 0 1 1 1 1 1 0 1 0 1 0 0 0 0 1 0 1 0 0 0 1 1 0 0 0 1 1 0 1 0 1 1 1 1 1 1 0 1 1 0 0 1 0 1 1 0 1 0 0 0 1 0 0 0 1 0 1 0 1 1 0 0 1 0 1 1 0 1 0 0 0 1 0 0
0 1 1 0 1 0 0 0 1 0 1 1 0 1 0 1 1 0 0 0 0 0 1 1 0 1 1 0 0 0 1 0 0 0 0 0 0 1 1 0 0 0 0 0 1 0 0 1 0 0 1 0 0 0 1 1 1 1 1 1 0 0 0 1 0 0 0 0 1 0 1 1 0 1 1 1 0 1 0 0 0 0 0 1 0 0 1 0 0 0 1 0 1 0 1 1 0 0 0 0
0 1 0 1 0 0 1 0 0 0 0 1 1 0 1 1 1 1 0 1 1 0 1 0 0 1 1 0 1 0 1 1 0 0 1 0 0 1 0 0 0 0 0 0 0 1 0 1 1 1 0 0 0 0 0 1 0 1 0 0 1 0 0 1 0 0 1 0 0 0 0 1 1 0 1 1 1 0 0 1 1 0 0 1 0 0 1 1 0 0 1 0 1 1 1 0 1 0 1 0
0 1 1 0 1 1 1 0 0 1 0 1 1 1 0 1 1 0 1 1 1 0 0 0 0 0 0 1 0 0 0 0 1 1 0 1 0 1 0 0 1 1 1 1 0 1 1 0 1 0 1 0 0 0 1 0 0 0 1 0 0 1 1 1 0 0 1 0 0 0 1 1 1 1 0 1 1 1 0 1 0 0 0 1 0 0 1 1 0 0 0 0 0 1 0 0 1 0 0 0
0 0 1 1 0 1 1 1 1 1 1 0 0 0 0 1 0 1 1 1 0 0 1 1 0 0 1 0 0 1 0 1 1 0 0 0 1 1 1 0 0 0 0 1 0 1 0 1 0 0 0 1 1 0 1 1 0 1 0 1 1 0 0 1 0 1 0 1 0 1 1 0 0 0 0 1 1 1 1 1 0 1 1 0 1 0 1 0 0 1 0 0 1 1 1 1 1 1 1 0
1 0 0 0 1 1 1 1 1 0 1 0 1 0 1 0 0 0 1 1 1 1 1 0 1 1 1 1 0 1 0 0 1 0 0 0 0 0 1 0 1 0 0 0 1 0 1 1 0 1 0 1 0 1 0 1 0 0 0 1 0 1 1 0 0 1 1 1 0 1 0 0 1 1 1 0 1 0 0 1 1 0 0 1 1 0 0 0 1 1 1 0 0 0 1 1 1 0 0 0
1 0 1 1 1 0 1 0 1 1 1 1 0 0 1 0 0 0 0 0 0 1 1 0 1 0 0 1 1 1 1 0 1 1 1 0 1 0 1 0 0 1 1 0 1 1 0 1 1 0 0 1 0 0 1 0 1 0 1 0 0 0 1 1 0 1 0 0 0 1 1 0 0 0 0 0 0 0 1 0 1 0 0 0 1 0 0 1 1 1 0 1 0 0 1 1 0 0 0 0
0 1 0 1 1 0 0 0 1 1 1 1 1 1 1 1 0 1 0 0 0 0 1 0 1 0 1 1 1 1 0 1 0 1 1 0 1 1 0 0 1 1 1 1 0 1 0 1 0 0 1 0 0 0 0 0 0 0 1 1 1 0 0 0 0 1 1 1 1 1 0 0 1 1 1 0 1 0 1 0 1 0 0 0 0 0 1 1 1 1 0 0 1 0 0 1 1 1 1 0
0 1 1 0 1 0 0 1 0 1 1 0 0 1 1 0 0 0 1 0 0 1 1 1 0 0 0 1 1 1 0 1 0 1 0 1 0 0 0 1 1 1 0 1 0 1 1 0 0 0 1 0 0 1 0 0 0 1 0 0 0 1 0 1 0 1 0 1 1 0 1 1 0 1 1 1 0 1 0 0 0 0 0 0 1 0 0 1 1 1 1 1 1 1 0 0 0 1 0 0
1 1 0 0 0 0 1 1 0 0 0 1 1 1 0 1 1 0 1 1 0 0 1 1 1 1 1 1 1 1 0 0 1 1 0 1 1 0 1 1 1 0 0 1 0 0 0 1 1 0 1 1 1 1 0 1 1 1 1 0 0 0 0 0 1 1 1 0 1 0 0 0 0 0 1 0 0 1 0 0 1 0 0 0 1 0 1 1 0 1 1 0 1 0 0 0 0 0 0 0
1 1 1 0 0 1 0 0 1 0 0 1 1 1 1 0 1 1 0 0 1 1 1 1 1 0 0 0 1 1 1 0 0 1 0 1 0 0 1 1 1 0 1 0 0 0 1 0 0 0 0 1 1 0 0 0 0 0 0 1 0 1 1 0 0 1 0 0 1 0 0 0 1 1 0 0 1 1 0 0 0 0 1 1 0 0 0 1 1 0 0 1 1 0 0 1 0 0 0 0
1 1 1 0 0 0 0 1 1 0 0 1 1 0 0 1 1 0 1 0 0 0 1 0 0 0 0 1 0 0 1 0 1 0 0 0 0 0 1 0 0 1 0 0 0 0 0 1 1 0 1 1 1 0 1 0 1 0 0 1 1 0 0 0 1 1 0 1 0 1 1 1 1 0 0 0 0 1 1 0 1 0 0 1 1 1 1 1 0 0 1 1 1 1 0 0 1 0 0 0
1 1 0 1 1 0 1 0 1 1 1 0 1 0 0 1 0 0 0 0 0 0 0 0 0 1 1 1 0 1 0 0 1 1 1 1 1 0 1 1 0 0 1 0 1 0 1 1 1 0 1 0 1 1 1 0 0 0 0 0 1 1 1 0 1 0 1 1 0 1 1 1 1 0 1 1 0 1 0 0 1 1 1 1 1 0 1 0 0 0 0 1 0 1 0 1 0 0 0 0
