100
10 18 31 46 58 67 70 77 87
0 0 1 1 1 1 1 0 0 1 1 0 1 0 0 1 0 1 0 0 0 0 0 1 1 0 0 0 0 1 0 1 0 1 1 0 1 1 1 1 0 1 1 1 1 1 1 1 1 1 0 0 0 0 1 0 0 0 0 0 1 0 0 0 1 1 0 0 1 0 1 1 0 0 1 1 1 0 0 0 1 1 0 1 0 1 0 1 1 0 0 0 0 0 0 0 0 0 1 0
0 0 1 0 0 0 0 0 0 1 0 0 1 1 0 0 1 0 0 0 1 1 0 1 1 1 0 0 1 0 0 0 0 0 1 0 0 0 0 0 0 0 0 0 0 1 0 1 1 1 1 1 1 0 1 0 0 1 0 1 1 0 0 1 1 0 0 0 1 0 1 0 0 0 1 1 0 0 1 0 1 0 1 1 0 1 0 0 1 1 1 1 0 1 0 1 1 0 0 1
1 1 0 1 1 0 1 0 1 1 1 1 1 0 0 0 0 0 0 1 0 0 0 1 0 0 1 0 1 0 1 0 1 1 0 1 0 1 0 0 0 0 0 1 0 0 0 1 1 1 1 0 1 0 1 1 1 0 0 0 0 0 1 1 1 1 1 0 0 0 1 0 1 0 1 0 1 1 0 0 0 0 0 1 1 0 0 1 0 1 1 1 0 0 1 0 0 1 0 0
1 1 0 0 0 1 1 1 1 1 1 0 1 1 0 0 0 0 0 0 1 1 0 0 0 0 0 0 0 0 1 0 0 0 1 1 0 0 0 1 1 1 0 1 0 1 0 0 1 0 0 1 1 0 1 1 0 1 0 0 0 0 1 1 1 1 0 0 0 1 0 1 0 1 0 0 0 0 0 1 0 1 1 1 0 1 0 1 0 1 1 0 1 0 1 1 0 1 1 0
0 0 0 1 0 1 0 1 0 0 0 1 0 1 1 0 1 1 1 1 1 0 0 1 1 0 1 1 1 0 1 0 0 0 0 1 1 0 0 1 1 1 0 0 1 0 1 0 1 1 0 0 0 1 0 0 1 0 0 0 1 0 0 0 0 0 0 1 0 1 1 0 1 1 1 1 0 1 0 1 1 0 0 0 0 0 1 1 0 0 0 1 0 0 0 1 1 1 1 0
1 0 0 0 0 0 0 0 1 0 1 0 1 1 0 1 1 1 1 0 0 1 1 0 1 1 0 1 1 1 0 0 1 0 0 1 0 1 1 1 1 1 1 1 0 0 1 1 1 1 1 0 1 1 1 0 1 0 1 1 0 0 1 1 0 1 1 1 1 0 0 0 1 1 1 1 1 0 0 0 0 0 0 0 0 1 0 1 0 1 0 0 1 0 0 1 1 0 1 1
1 1 0 0 1 1 0 1 0 0 1 1 1 1 0 0 1 1 0 1 1 0 1 0 1 1 1 1 0 0 1 1 1 1 0 0 1 0 1 1 0 1 1 0 1 0 1 1 1 0 1 1 0 0 0 0 1 1 1 0 1 0 1 1 1 0 0 1 1 0 0 0 0 0 1 0 1 1 0 1 0 1 0 1 0 1 0 0 0 1 0 1 0 1 0 0 0 1 0 0
0 0 1 0 0 0 1 0 1 1 0 1 1 1 1 1 1 0 1 0 0 1 1 0 0 0 0 0 1 1 1 1 1 1 0 0 0 1 1 1 0 0 1 0 1 1 1 0 0 1 0 0 0 0 1 1 0 1 0 1 1 0 0 0 1 1 1 0 0 1 0 0 1 1 1 1 1 1 0 1 0 0 1 0 0 1 1 0 0 0 0 0 1 0 0 0 1 1 1 0
1 1 0 0 0 1 0 1 0 0 0 1 1 1 1 1 0 0 0 0 1 1 0 0 1 1 0 0 0 1 0 1 0 1 0 0 1 1 0 1 1 0 0 0 1 1 1 0 1 0 1 1 1 1 0 0 0 1 1 1 1 1 1 0 0 0 0 0 0 0 0 0 1 1 0 0 0 0 0 1 1 0 1 1 0 1 0 0 1 1 1 0 1 0 1 0 0 1 1 1
0 0 0 0 1 1 1 0 1 0 1 0 0 0 1 0 1 0 0 0 0 1 0 0 0 0 1 1 1 0 0 1 1 1 0 0 0 0 1 1 0 0 1 0 1 0 0 1 1 0 0 0 0 0 0 0 0 1 0 0 1 1 1 1 1 0 1 0 0 0 0 0 1 1 0 0 1 0 1 0 0 1 1 0 1 1 1 1 1 1 1 0 0 0 1 1 1 0 1 1
0 1 0 0 1 1 1 1 1 0 0 0 0 0 1 0 1 1 1 1 0 0 0 1 1 0 0 1 1 0 0 0 0 1 1 1 1 1 0 0 0 1 0 0 1 0 1 0 0 1 1 0 1 0 0 0 0 0 0 0 1 0 0 1 1 0 0 0 0 1 1 1 0 0 1 1 1 0 0 0 1 0 0 0 1 1 0 1 1 0 0 0 0 0 1 0 1 1 1 0
1 1 0 0 0 0 1 0 0 1 0 0 1 0 1 1 1 0 0 1 0 0 1 1 1 0 0 1 1 1 0 0 0 1 1 1 1 1 1 1 0 0 1 0 0 0 1 1 1 1 0 0 1 1 0 0 1 0 0 1 0 1 1 1 0 1 1 0 0 1 1 0 1 0 0 0 0 1 0 1 1 0 1 0 0 1 0 1 1 1 0 0 1 0 0 0 1 0 1 1
1 0 0 0 0 1 0 0 0 0 1 0 0 1 0 0 1 0 1 1 1 1 0 0 0 0 0 0 1 1 0 1 1 1 1 1 0 0 1 0 0 1 1 1 0 1 0 0 0 0 1 1 1 1 1 0 0 1 0 0 1 0 0 1 1 1 1 1 1 0 1 0 1 0 1 1 1 1 0 1 0 1 1 0 0 1 1 1 0 1 1 0 1 1 0 0 0 0 1 1
0 0 1 1 0 1 0 1 1 1 0 1 1 0 0 0 0 1 0 1 0 1 1 0 0 0 1 1 0 0 0 0 1 1 1 1 1 1 0 1 1 1 1 1 0 1 0 1 1 1 1 1 1 0 0 0 1 1 1 1 1 1 0 1 0 0 1 1 1 0 0 0 1 1 1 0 0 0 1 0 1 1 1 1 1 1 0 1 0 0 0 1 0 0 1 0 0 0 1 1
0 1 0 1 0 0 1 1 0 1 0 0 1 0 0 0 0 1 1 1 0 0 0 1 1 0 1 1 0 0 0 0 0 1 1 1 0 1 1 1 0 1 1 0 0 0 1 0 1 1 0 1 1 0 1 0 0 0 1 1 1 1 1 1 0 1 1 1 0 0 0 0 1 0 1 1 1 0 0 0 1 1 1 0 0 0 0 0 0 1 1 1 1 1 0 1 0 0 0 0
0 1 1 1 0 0 1 0 1 0 1 0 0 1 1 0 0 0 1 0 0 1 1 0 1 1 1 0 1 0 0 0 0 1 0 0 1 1 1 0 1 0 1 1 1 1 0 1 1 0 0 0 0 0 0 0 0 0 1 0 1 0 0 1 0 0 0 1 1 1 0 1 0 0 1 1 0 0 0 0 1 1 0 1 1 1 0 0 0 0 1 1 1 0 0 1 0 0 0 1
0 0 0 1 0 1 0 0 0 0 1 1 0 1 0 0 0 0 1 1 1 1 0 1 1 0 1 1 0 1 1 0 0 1 1 0 1 1 0 0 1 0 1 0 0 0 1 0 0 1 0 0 1 1 0 1 1 0 1 1 1 1 0 1 0 0 0 1 1 0 1 1 1 0 1 0 1 1 0 0 1 1 1 0 1 0 0 0 0 1 1 0 1 1 1 1 0 1 1 0
1 1 1 1 0 0 0 0 0 1 1 0 0 0 1 0 0 0 0 0 0 1 1 1 0 0 1 0 1 0 1 1 0 0 0 0 1 1 1 0 1 0 0 0 0 0 1 1 1 0 1 1 1 1 1 0 0 0 1 0 1 0 0 0 1 0 1 1 0 0 1 1 0 1 0 0 1 0 0 0 0 1 0 0 1 1 0 0 1 0 1 0 0 1 1 1 1 1 0 0
1 0 1 1 1 0 1 1 1 1 1 0 1 0 1 1 1 0 0 1 1 0 1 1 1 1 1 1 1 0 1 1 0 1 0 0 0 1 1 1 1 0 1 1 0 0 1 0 0 0 0 0 1 0 1 1 0 1 1 0 0 0 0 0 1 0 1 1 0 1 1 1 1 1 0 0 1 1 0 1 0 1 0 1 0 1 0 0 0 1 0 1 1 0 0 1 0 1 1 1
0 1 0 0 0 0 0 1 1 0 1 1 1 0 0 1 1 1 1 0 0 0 0 0 0 1 0 1 0 1 1 0 0 1 1 1 0 1 1 1 0 1 0 0 1 1 0 1 1 1 1 1 0 0 0 0 0 1 0 0 1 0 0 1 1 0 0 0 1 0 0 1 1 1 0 1 1 1 0 1 0 1 1 1 1 0 1 0 1 0 0 0 0 1 1 0 0 0 0 0
0 1 0 1 0 0 0 1 0 1 1 0 1 0 0 0 1 0 1 1 0 1 0 1 1 0 0 0 0 1 0 0 1 0 1 1 0 1 1 0 0 0 0 1 1 0 1 1 1 1 0 0 1 1 0 0 1 1 1 0 0 0 1 0 0 0 1 1 1 0 1 1 0 1 1 1 0 0 0 0 0 1 0 1 1 0 1 1 1 1 1 0 0 0 1 1 1 0 1 0
1 0 1 0 1 1 0 0 0 0 0 1 0 0 0 0 0 1 0 1 1 0 0 1 0 1 1 1 1 1 0 0 0 1 1 1 1 1 1 0 1 0 1 0 0 1 1 0 0 0 1 1 0 0 0 0 0 0 1 1 0 1 1 0 0 1 1 1 1 0 1 0 0 0 0 0 1 0 0 0 1 0 1 1 0 1 0 0 0 0 1 0 0 0 1 0 0 0 1 1
0 1 1 1 1 1 0 0 1 0 1 0 0 1 1 1 1 0 0 1 1 0 0 1 1 0 0 0 1 1 0 0 0 1 1 0 1 0 1 1 1 0 0 1 0 0 1 0 1 1 0 1 0 0 1 1 1 0 1 1 0 1 1 1 0 1 0 0 0 0 0 1 0 1 1 1 1 0 0 1 1 1 0 0 0 0 0 1 0 1 0 1 0 0 1 1 0 1 0 1
1 0 0 0 0 0 0 1 1 0 0 0 1 1 1 0 0 0 1 0 0 1 0 0 1 0 0 0 1 0 0 1 0 1 1 0 1 1 0 1 0 0 1 1 1 0 0 1 0 1 0 1 0 1 0 0 0 1 0 0 1 1 0 1 0 1 1 0 0 0 1 0 1 0 0 1 0 1 0 1 0 1 0 1 0 1 0 1 1 0 0 1 1 0 1 1 1 0 1 1
1 1 1 1 1 1 0 1 1 1 0 0 0 0 0 1 1 1 0 0 1 0 0 0 0 1 1 1 1 1 1 0 0 0 0 0 0 1 0 1 1 1 1 1 1 0 0 1 0 0 1 1 0 0 1 0 1 0 0 0 1 0 1 0 0 0 1 0 0 0 1 0 1 1 1 1 0 0 1 1 1 0 1 0 0 0 0 1 0 1 0 0 1 0 1 0 1 0 1 1
1 0 0 0 0 1 0 1 1 0 0 0 1 1 1 1 1 0 1 0 1 1 0 0 0 0 1 0 1 0 0 1 1 0 1 0 1 0 1 0 1 0 1 1 0 0 0 1 1 0 0 1 0 1 1 1 0 1 0 0 1 1 0 0 1 0 1 0 1 0 0 0 0 0 1 1 1 1 1 0 0 0 0 0 0 1 0 0 0 1 0 0 0 1 1 1 0 0 0 0
1 1 0 1 1 1 1 0 1 1 0 0 0 0 0 1 0 1 1 0 1 0 0 1 0 0 0 1 0 1 1 1 0 0 1 1 1 0 0 1 0 0 1 1 1 1 0 1 0 1 0 0 0 0 0 0 0 1 0 1 1 0 1 1 1 1 1 0 1 0 0 1 1 0 0 0 1 0 1 1 1 0 0 1 1 0 1 1 0 1 1 0 1 0 1 0 1 0 0 0
1 1 1 0 0 1 1 1 1 1 1 1 0 1 1 1 0 1 0 1 0 1 1 1 0 0 0 0 1 0 1 1 1 1 1 0 0 0 1 0 1 1 0 0 1 1 0 0 0 0 1 0 0 1 0 1 0 0 1 0 0 1 1 0 1 0 0 0 0 1 1 0 0 1 0 0 0 1 0 1 1 0 1 1 0 1 0 0 0 0 0 0 0 0 1 0 0 1 1 1
0 0 1 1 1 0 0 0 1 0 1 0 0 1 1 1 1 1 0 0 1 0 1 0 0 0 0 1 0 1 1 1 0 1 1 1 1 0 0 1 0 0 1 0 0 1 1 1 1 0 0 1 1 0 0 1 1 1 0 0 1 0 1 0 1 0 0 0 1 0 1 1 0 0 0 0 0 0 0 0 1 1 1 1 1 1 1 1 1 0 0 1 1 1 0 0 0 1 1 1
1 0 1 1 0 0 0 0 0 1 0 1 1 0 1 1 0 0 0 1 0 0 0 1 0 1 1 1 0 0 0 0 0 1 0 1 1 0 1 0 0 0 0 0 0 0 0 1 1 1 1 1 1 1 1 1 1 1 1 0 1 0 1 1 0 1 0 0 1 0 0 0 1 0 1 1 0 0 1 1 0 0 1 0 1 0 1 1 1 0 0 1 0 0 0 0 1 1 0 1
1 1 1 0 0 1 0 0 1 1 1 1 1 0 1 0 1 1 0 0 1 0 0 0 0 0 1 1 0 1 0 0 1 1 0 1 0 1 1 1 0 1 1 0 0 0 1 0 1 1 1 1 0 0 1 1 1 1 1 1 0 1 0 1 0 1 1 0 1 0 1 1 1 0 0 0 1 1 1 1 0 0 0 0 0 1 0 1 1 0 0 1 1 1 1 0 1 0 1 1
0 1 1 0 1 1 0 1 0 1 1 0 1 1 0 1 0 0 1 0 1 0 1 1 0 1 0 0 1 1 1 0 1 0 0 1 1 1 0 0 0 0 1 0 0 1 0 1 1 0 1 0 1 0 0 0 0 1 1 1 1 0 0 0 1 0 1 1 1 0 1 0 0 1 0 0 1 1 0 1 1 1 0 1 1 1 1 0 1 1 0 0 0 0 1 1 1 0 1 1
0 1 1 0 1 0 0 0 1 1 1 0 0 1 0 0 0 1 0 0 0 1 0 0 0 0 1 0 1 0 0 1 0 0 1 1 1 1 1 0 0 1 1 0 1 1 1 0 1 0 1 0 1 1 1 1 1 1 0 1 1 1 1 1 0 0 1 1 1 0 0 0 0 0 1 1 1 0 0 0 1 1 0 1 0 1 1 1 1 0 0 1 0 0 1 0 0 0 0 1
0 0 1 0 1 1 1 1 1 1 1 0 0 0 0 1 1 0 0 1 1 0 0 1 1 1 0 0 0 1 0 1 0 0 0 1 1 1 0 0 0 1 0 0 1 1 1 1 0 0 0 0 1 0 1 1 0 1 0 0 1 0 1 0 1 1 1 1 0 1 1 1 1 0 0 1 0 1 0 0 1 0 0 0 1 0 1 1 1 0 1 0 1 1 1 1 1 0 1 1
1 0 1 0 0 0 0 1 1 1 1 0 0 1 0 0 1 1 1 0 1 1 1 1 1 0 1 0 1 0 1 0 1 1 0 1 1 0 1 0 1 0 0 0 0 1 0 1 0 1 0 0 0 1 1 0 0 1 1 0 1 1 0 1 0 1 1 1 1 1 1 0 0 0 1 1 0 1 1 1 1 1 1 0 1 1 0 0 0 0 1 1 1 0 1 1 1 1 1 0
0 0 0 0 0 1 1 1 1 1 0 1 0 1 0 1 1 1 1 1 0 0 0 1 0 0 0 0 0 0 1 1 1 0 0 0 1 0 0 1 1 1 1 1 0 0 1 1 0 0 1 1 1 1 1 1 1 1 1 1 0 1 0 1 1 1 1 1 1 0 1 1 0 1 1 1 1 1 0 1 0 0 0 1 1 0 0 0 1 0 1 1 1 1 0 1 1 1 0 1
1 0 0 1 0 0 1 1 0 1 0 0 1 0 0 0 1 0 1 0 0 0 1 0 1 0 0 0 0 0 0 0 1 1 0 1 0 0 0 1 0 1 0 0 1 1 0 0 1 0 0 0 0 1 1 1 0 1 0 1 1 0 0 0 0 1 1 1 0 1 0 1 0 1 1 1 1 0 0 0 0 0 0 1 1 1 1 1 0 1 1 0 0 1 1 0 0 0 1 1
0 1 0 0 1 1 0 0 0 0 0 1 0 1 0 0 0 1 0 0 0 1 0 0 1 0 1 1 0 0 0 0 0 1 1 1 1 0 0 0 1 0 1 0 0 1 1 0 0 0 0 0 1 1 0 1 1 1 0 0 1 1 1 1 1 1 0 0 0 0 0 0 0 0 1 0 1 0 1 1 1 1 0 1 0 0 1 0 0 0 1 1 0 0 0 1 1 1 0 1
0 0 0 0 1 1 0 0 0 1 0 1 0 0 0 1 0 0 0 0 0 1 0 1 0 1 1 1 1 0 0 1 0 1 1 0 0 1 0 1 1 0 1 1 1 0 1 0 0 0 0 0 0 0 0 1 1 0 1 1 0 1 1 1 0 0 1 0 1 1 1 1 1 0 1 0 0 0 0 1 0 0 0 0 1 1 1 0 1 1 0 1 1 0 0 0 1 1 1 1
0 0 1 1 0 1 1 1 1 0 1 1 0 0 1 0 1 0 1 0 0 0 0 1 0 1 1 0 0 0 0 0 1 1 1 0 1 1 0 0 0 1 1 0 0 0 1 0 1 1 0 1 1 1 1 0 0 1 0 0 0 1 1 1 1 0 1 0 1 1 1 0 0 0 0 1 0 1 0 1 1 1 1 0 1 0 0 1 0 0 1 1 1 0 0 1 1 0 1 0
1 1 0 0 1 0 0 1 0 0 0 1 1 1 1 1 0 1 0 1 0 0 0 1 1 1 0 0 0 0 1 1 1 1 1 0 0 0 0 1 0 0 0 1 0 0 1 0 1 1 1 0 1 1 1 1 1 0 0 0 0 1 1 0 1 0 0 1 1 1 1 0 0 1 0 1 1 1 0 1 0 1 0 1 0 0 0 0 1 1 0 0 0 1 1 1 1 0 0 1
0 1 0 0 0 1 1 1 0 0 0 0 1 1 0 0 1 0 1 0 1 1 0 0 0 0 0 0 1 0 0 1 0 1 1 0 0 1 1 0 0 0 1 0 0 0 1 0 1 1 0 1 0 0 1 0 1 0 0 1 0 0 0 0 0 0 1 0 1 0 1 1 0 0 0 0 1 0 0 0 1 0 0 0 0 0 1 1 0 0 0 1 0 1 0 0 1 1 0 1
1 1 0 1 1 0 1 0 1 0 0 0 1 0 0 0 0 1 0 1 1 0 0 0 0 1 1 1 0 1 0 0 1 0 0 0 1 0 0 1 1 0 0 1 0 0 0 1 0 0 0 1 0 1 0 1 1 1 0 0 0 1 1 1 1 1 1 0 0 0 0 1 1 1 1 0 0 1 0 1 0 1 0 0 0 1 0 1 0 0 1 0 0 1 0 0 0 1 0 1
1 0 0 1 0 0 1 0 0 0 0 0 0 0 0 1 1 1 0 1 0 1 1 0 1 0 1 1 0 0 0 0 0 0 1 0 1 0 1 0 1 1 1 0 0 0 1 0 0 0 1 0 0 1 0 1 0 1 1 1 0 0 0 0 1 0 1 1 0 0 1 0 0 1 1 1 1 0 1 1 1 1 1 0 0 1 0 0 0 1 1 0 0 0 1 0 1 0 1 0
0 1 1 1 0 1 0 1 1 0 1 0 0 0 0 0 0 1 0 1 1 1 0 0 0 0 1 1 0 0 1 1 1 1 0 0 1 0 1 1 1 1 1 1 0 0 0 0 0 1 1 0 0 1 0 1 1 0 1 1 1 1 1 1 0 0 1 0 0 1 1 0 0 0 0 0 1 1 0 0 1 1 1 1 1 1 1 0 1 0 1 1 1 0 0 0 0 1 1 1
0 0 1 1 1 1 1 1 0 1 1 0 1 1 1 0 0 0 0 0 0 1 0 1 1 0 0 1 0 1 0 0 1 1 1 1 1 0 0 1 0 0 1 1 1 0 1 0 1 0 0 1 1 0 1 0 0 0 1 0 0 1 0 0 1 1 0 0 0 0 1 0 0 1 0 1 0 0 0 1 0 0 1 1 1 0 1 0 0 1 1 1 0 1 0 0 1 0 1 0
1 1 1 1 1 1 1 1 1 1 1 0 0 0 1 1 1 0 1 0 1 1 0 1 0 1 0 0 0 1 0 1 1 1 0 0 1 1 1 1 0 1 1 0 0 0 0 0 0 1 1 1 0 1 0 0 1 1 0 1 0 0 0 0 0 0 1 0 1 1 0 0 1 0 0 0 1 0 0 1 0 1 0 0 1 1 1 1 1 1 0 1 0 0 1 0 1 1 1 0
0 1 0 1 0 1 1 1 1 1 0 0 1 1 0 0 0 1 0 1 1 0 1 0 1 0 1 0 1 0 0 0 1 1 1 1 1 1 0 0 1 0 0 1 0 1 0 0 1 1 0 1 0 1 1 0 0 1 1 1 1 0 0 1 1 1 1 0 0 0 1 0 0 1 1 0 1 1 1 0 1 0 0 1 1 1 0 1 0 0 0 0 0 0 1 0 1 0 1 1
1 0 0 1 1 0 1 0 0 1 0 1 1 0 1 1 0 0 0 0 1 0 1 1 1 0 1 0 1 1 1 1 1 1 1 1 0 0 0 0 0 0 1 0 1 1 1 1 0 0 0 0 0 0 1 0 1 0 0 0 0 1 0 1 1 1 1 0 0 0 0 1 0 1 0 1 0 0 1 0 0 0 0 0 0 0 1 1 0 0 0 1 1 0 1 1 0 0 1 1
0 1 0 0 1 0 0 1 0 0 1 0 0 0 1 1 0 0 1 0 1 0 1 1 1 1 1 1 0 1 1 0 0 1 1 1 1 1 1 0 1 0 1 1 1 1 1 0 1 0 0 1 0 0 1 0 1 0 0 1 1 0 1 0 1 0 0 0 1 0 0 0 0 0 1 1 0 1 0 0 0 0 1 1 0 0 0 1 0 0 1 0 0 0 0 1 0 1 1 1
0 1 0 0 0 0 1 1 1 1 1 0 1 0 1 1 1 0 1 1 1 0 1 1 0 0 1 1 1 0 1 0 1 0 1 0 0 1 0 0 1 1 1 1 0 1 1 1 1 1 0 1 0 1 0 1 0 1 1 0 0 1 0 1 1 1 1 0 0 1 1 0 1 1 0 1 0 0 0 0 0 0 0 0 1 1 1 1 1 1 0 0 0 1 0 0 1 0 0 0
0 1 0 0 0 1 0 1 0 1 1 1 0 0 0 1 1 1 0 0 0 0 0 1 0 0 0 0 0 1 0 0 0 0 0 1 1 0 1 0 1 1 0 1 1 0 1 0 0 1 1 0 1 0 0 1 1 0 0 0 0 0 1 0 1 1 0 1 1 0 0 1 1 0 0 0 1 0 1 0 1 1 1 0 0 1 1 0 0 0 0 1 0 0 1 1 0 1 1 0
0 0 0 0 0 0 1 1 1 0 1 1 1 1 0 0 0 1 1 0 0 0 0 1 1 1 0 0 1 1 0 0 1 1 1 0 0 1 1 0 1 0 0 0 1 0 1 0 1 1 0 1 0 1 1 1 1 1 0 0 0 1 0 1 1 1 0 0 1 0 0 0 1 0 0 1 1 0 0 1 0 1 0 1 1 0 1 1 1 0 1 0 0 0 1 0 0 0 0 1
0 0 1 1 1 1 1 1 1 0 0 1 1 0 0 1 0 1 0 0 0 1 1 0 1 1 1 1 0 1 0 1 1 0 0 0 1 0 0 1 1 1 0 1 1 0 0 1 0 0 0 0 1 0 0 0 0 0 1 1 1 0 0 1 1 1 0 1 1 1 0 0 0 1 0 0 1 0 1 1 0 0 0 0 0 0 1 1 1 0 1 1 1 0 1 0 0 0 0 1
0 1 1 1 0 1 1 0 0 0 1 1 0 0 0 1 1 0 1 0 1 0 0 1 1 1 1 1 1 1 0 1 0 0 0 1 0 0 0 0 1 0 1 0 0 1 1 1 0 1 1 1 1 1 0 1 0 1 0 1 0 0 0 1 0 0 0 1 0 1 1 1 1 1 0 0 1 1 1 1 0 0 1 1 1 0 1 1 1 0 1 0 1 0 0 0 0 1 1 1
0 0 0 0 1 0 1 1 0 0 1 0 1 0 1 1 0 0 1 0 1 1 1 0 1 0 1 0 1 0 1 0 0 0 0 0 1 1 1 1 0 1 0 1 0 1 0 1 0 0 1 1 0 1 1 0 1 0 1 0 0 0 0 1 1 1 0 1 0 0 1 1 0 1 0 1 0 1 1 1 1 1 0 1 0 1 0 1 0 0 0 1 0 1 1 0 0 1 0 1
0 0 1 1 1 1 0 1 1 1 0 0 1 1 0 0 0 0 0 0 1 1 1 1 1 1 1 0 1 1 0 0 1 0 1 1 1 0 1 1 1 1 0 1 0 1 0 0 1 1 1 0 0 0 1 1 0 1 1 1 1 0 0 1 1 1 1 1 1 1 0 0 0 0 0 1 1 1 1 1 1 1 0 1 0 0 1 1 1 1 1 0 1 0 0 0 0 0 1 0
0 0 1 0 0 0 0 1 0 0 0 0 0 1 1 0 1 1 0 0 0 1 0 0 1 1 1 0 1 0 1 1 0 0 1 1 0 1 0 1 0 0 0 0 0 1 1 1 1 0 0 1 1 1 0 0 1 0 1 1 1 0 0 0 1 0 0 1 0 0 0 1 1 0 1 0 1 1 1 0 1 1 1 1 0 1 0 0 1 1 1 0 1 0 0 1 1 1 0 1
1 1 1 1 0 1 1 0 0 1 0 1 0 0 0 1 1 1 0 0 0 0 1 1 0 1 1 1 0 1 0 0 0 1 0 1 0 0 0 0 0 1 0 0 0 1 0 0 1 1 0 0 0 0 0 1 1 1 0 0 1 0 0 1 0 0 1 0 1 0 1 1 0 0 1 0 1 0 0 1 0 1 0 0 0 1 1 1 0 1 0 1 0 1 0 0 0 0 0 0
0 1 0 1 1 0 0 1 0 1 1 0 1 0 1 1 0 0 0 0 1 0 1 0 0 0 0 1 1 0 0 1 1 0 0 1 0 0 0 1 1 0 0 1 0 1 1 1 0 1 0 1 0 1 0 0 0 1 0 0 0 0 1 1 1 1 0 1 1 1 1 0 0 1 0 0 0 0 0 1 1 0 0 1 0 1 0 1 0 1 0 1 1 1 0 0 1 0 1 1
0 1 1 1 1 0 1 1 0 1 1 0 0 1 0 1 1 1 1 0 1 1 1 0 0 0 1 1 1 0 1 1 0 0 0 1 0 1 0 0 1 1 0 0 1 1 1 1 0 1 1 0 0 0 1 0 1 1 1 0 0 1 1 1 0 1 0 1 0 1 1 0 0 1 1 0 1 1 0 0 0 1 1 1 0 0 0 0 0 0 0 0 0 0 1 0 0 1 1 0
0 0 0 1 1 0 1 0 1 1 1 0 1 0 1 0 1 0 0 1 0 1 0 0 1 1 0 1 0 0 0 0 0 1 0 1 1 1 1 1 1 1 1 0 1 1 1 1 1 1 1 1 0 1 1 1 1 0 0 1 0 0 1 1 0 1 1 1 1 0 1 0 1 1 1 0 1 1 0 0 0 1 0 0 1 1 1 0 0 0 1 1 1 0 1 1 1 0 0 0
1 1 0 0 1 0 0 0 0 1 1 0 1 1 0 0 1 1 1 0 1 1 1 0 1 1 1 0 1 1 1 1 0 1 1 0 1 0 0 0 0 0 0 1 1 0 0 1 0 1 1 1 0 0 1 1 0 0 0 1 1 1 0 1 1 0 0 0 0 0 1 1 0 1 1 1 1 1 0 1 1 1 0 1 0 0 0 1 0 0 0 0 1 0 0 0 0 1 0 1
1 1 1 0 0 1 0 0 1 0 0 0 0 0 0 0 0 1 1 1 1 0 0 1 1 1 1 1 0 0 0 0 1 1 0 0 1 0 0 1 1 0 1 0 1 0 1 0 0 1 0 0 1 0 0 0 1 0 1 0 1 1 1 0 0 0 0 1 1 0 0 1 0 1 1 1 0 1 1 1 1 1 0 1 0 1 1 1 1 0 1 1 0 1 1 0 0 0 0 1
0 0 1 0 1 1 1 1 1 1 1 0 1 0 0 1 0 0 1 0 1 1 1 0 0 1 0 1 0 0 0 1 0 0 0 1 1 1 1 1 1 0 0 0 1 0 0 0 1 1 1 1 1 1 1 1 1 1 0 1 1 0 1 1 0 0 0 0 1 0 0 0 1 1 1 1 0 0 1 0 1 1 0 0 0 1 1 1 0 1 1 0 0 0 1 1 1 1 1 1
1 0 0 0 1 1 0 0 0 0 0 0 0 1 0 0 1 1 0 1 0 1 0 0 0 1 1 0 1 1 1 1 1 0 0 0 0 1 1 0 0 0 0 0 1 1 0 0 0 0 0 0 1 0 1 0 1 1 1 0 1 0 1 0 0 0 1 0 1 1 0 0 0 0 1 1 1 1 1 0 1 1 1 0 0 1 0 1 1 1 0 1 0 0 0 1 1 1 1 1
0 0 0 1 1 1 1 1 1 1 0 1 1 0 1 1 0 0 1 0 0 0 0 0 1 0 0 0 0 1 1 1 0 0 0 0 0 1 1 1 1 0 0 1 0 0 1 0 1 0 1 1 1 0 0 0 1 0 0 1 0 0 0 0 0 0 0 0 0 0 1 0 1 0 0 1 1 1 0 1 0 0 0 1 0 1 0 1 1 0 1 1 0 1 0 1 1 1 1 1
1 1 1 1 0 1 1 1 1 0 0 0 0 1 1 0 0 1 1 0 0 1 1 1 1 0 1 0 1 0 0 0 0 1 1 0 0 1 0 0 1 0 1 0 0 0 1 1 0 0 1 1 0 0 1 0 0 0 1 0 0 0 1 0 1 0 0 0 0 1 0 0 1 0 1 1 0 0 0 0 1 0 0 1 0 1 0 1 0 0 1 0 0 0 1 0 0 0 0 0
0 0 1 1 0 0 1 1 0 1 0 1 0 1 0 0 0 0 0 1 0 1 1 1 1 0 0 1 0 0 1 0 0 0 1 0 0 1 1 0 0 0 0 0 1 0 1 0 1 1 0 1 1 1 1 0 0 1 1 1 1 0 0 0 0 0 0 0 0 0 0 0 0 1 1 1 0 1 1 1 1 1 0 1 0 0 1 1 1 0 0 1 0 0 0 1 0 0 0 1
1 0 0 0 0 0 0 0 0 0 1 1 0 0 0 0 1 0 0 1 0 1 0 1 1 1 1 0 0 1 1 0 1 1 1 0 1 0 0 0 0 0 0 0 1 0 1 1 0 1 0 1 1 1 1 0 0 1 0 0 1 0 1 0 1 1 1 1 1 0 0 1 0 1 0 1 1 0 0 1 1 0 0 1 1 0 0 1 1 1 0 0 0 1 1 1 1 1 1 0
1 1 0 0 1 1 0 1 1 0 1 0 0 1 0 0 1 0 0 1 0 1 1 0 1 1 1 0 0 1 1 0 1 0 0 1 1 1 1 0 0 0 0 1 1 1 1 1 0 0 1 0 0 0 1 1 0 0 1 1 0 1 1 1 1 1 1 1 0 1 0 0 1 0 0 1 1 0 0 1 1 1 0 1 0 0 0 1 0 0 0 1 1 0 1 1 0 0 1 1
1 0 1 0 0 0 1 1 0 1 0 0 1 1 0 1 0 1 0 1 1 0 1 1 0 1 0 0 0 0 1 0 1 0 1 0 0 0 1 0 1 0 1 0 1 1 1 1 0 1 1 1 0 1 0 0 0 0 0 1 1 0 0 0 0 0 0 0 1 0 1 0 0 0 1 0 0 0 0 0 1 0 0 0 1 1 0 0 0 1 1 1 0 0 0 0 1 0 1 1
1 1 0 0 0 0 1 0 0 1 1 1 0 0 0 0 1 0 0 0 1 1 1 1 0 0 1 1 0 0 1 0 0 1 0 1 0 1 1 1 0 0 0 0 1 0 1 1 1 1 1 1 1 1 1 0 1 0 1 1 0 1 0 1 1 1 1 1 1 1 1 1 0 0 0 0 0 0 0 1 1 0 1 0 0 0 1 1 0 0 0 1 0 0 0 1 0 0 1 1
0 0 0 0 1 1 1 1 0 1 0 0 1 1 0 1 0 1 1 1 0 0 1 0 0 0 1 1 1 1 0 0 0 1 0 1 1 1 1 1 0 1 1 0 0 0 1 0 1 0 1 0 0 0 0 1 0 0 1 0 1 1 0 0 0 1 1 0 0 0 1 0 1 0 1 0 1 0 1 1 0 0 0 1 0 1 0 0 1 0 1 0 1 1 0 0 1 1 1 1
1 0 1 1 1 1 0 1 0 0 0 1 0 0 0 0 0 0 0 0 1 0 1 1 1 0 1 0 0 1 0 1 0 0 1 1 1 0 0 1 1 0 1 1 0 0 0 0 0 1 0 1 0 0 0 1 0 1 1 0 1 0 0 0 0 1 0 0 1 0 1 0 0 0 0 1 1 1 1 0 1 0 0 1 0 0 0 1 1 1 1 0 0 1 0 0 0 1 1 0
0 0 0 0 1 0 1 1 0 0 1 0 0 0 0 0 0 1 0 0 1 0 0 0 0 0 0 0 0 0 0 1 0 1 1 1 1 0 1 0 0 1 0 0 1 1 1 1 0 1 1 1 1 0 0 0 0 0 0 1 0 0 1 1 0 1 0 0 0 1 0 1 1 1 0 0 1 0 1 1 1 1 1 0 1 1 1 1 0 0 1 1 0 1 0 1 1 0 0 0
1 0 1 0 1 0 1 1 1 0 1 0 0 0 1 1 1 0 1 1 1 1 1 1 1 1 1 0 1 1 0 0 1 0 0 1 0 1 1 0 1 1 0 1 1 0 0 1 0 1 1 0 0 1 0 1 0 0 0 1 1 1 1 0 1 0 1 0 1 1 1 1 0 1 1 0 0 0 1 0 0 0 1 1 1 1 1 1 1 0 0 0 0 1 1 1 1 0 0 0
0 0 1 1 1 0 1 1 1 1 1 1 0 0 1 1 1 0 0 0 0 0 0 0 0 1 1 1 1 0 1 0 1 0 0 0 0 0 0 1 0 0 1 1 1 1 1 1 0 1 0 0 1 1 1 1 0 0 0 1 1 0 0 1 1 0 0 1 1 1 0 1 0 1 0 1 1 0 0 0 1 1 0 0 0 1 1 1 0 1 1 1 1 1 0 1 1 0 0 1
0 0 1 1 1 1 0 1 0 0 0 0 1 0 1 1 1 1 1 0 1 0 1 0 0 1 1 1 0 0 1 0 1 0 1 1 0 1 0 0 1 1 0 1 0 1 0 0 1 0 0 1 1 0 1 1 1 1 0 0 0 1 1 1 0 0 1 0 0 0 0 1 1 0 1 0 1 1 0 0 1 1 1 1 0 0 1 0 0 0 0 1 1 1 0 1 1 1 1 1
1 1 0 0 0 1 0 0 1 1 1 0 0 1 1 1 0 0 0 0 0 0 0 0 0 0 1 0 1 0 0 0 0 1 1 1 0 0 0 1 1 1 1 0 1 1 0 1 1 1 1 0 1 0 0 1 1 1 0 1 0 0 0 1 0 1 0 0 1 1 1 0 0 0 1 1 1 0 1 0 0 1 1 1 0 1 0 1 1 1 0 0 0 0 1 0 0 0 1 1
1 1 0 1 1 1 0 0 1 0 0 0 1 1 1 0 1 0 1 0 0 1 0 0 1 1 1 0 1 0 1 1 1 0 0 1 1 0 0 1 0 0 0 1 1 0 0 0 1 1 1 1 0 1 1 1 1 1 1 0 1 0 0 1 1 0 1 1 0 1 0 0 0 0 1 0 1 1 1 0 0 1 1 1 1 1 0 0 0 0 0 0 0 0 0 0 1 0 0 0
0 0 0 0 0 1 0 0 1 1 0 1 0 1 0 0 0 1 1 1 1 1 0 0 1 0 1 0 0 0 0 1 1 1 0 0 0 1 0 1 1 1 0 0 1 1 1 1 1 0 0 0 0 0 1 1 1 0 1 1 0 1 0 1 0 1 0 1 0 0 1 1 0 0 0 0 0 1 1 1 1 0 1 0 0 0 1 0 0 0 0 0 0 1 0 0 1 0 0 1
0 0 1 1 1 1 1 0 1 0 1 1 0 1 1 0 1 0 0 1 0 0 0 0 0 1 0 1 0 1 0 1 0 0 0 1 1 1 0 1 0 0 1 1 0 0 1 0 1 0 0 0 1 0 1 1 0 1 0 1 0 1 1 0 1 0 0 0 1 1 1 0 0 1 0 1 1 1 0 1 0 0 0 1 0 1 0 0 1 0 0 1 1 0 0 0 1 0 1 0
0 1 0 1 0 0 0 0 0 1 0 0 0 0 1 0 0 0 0 0 0 0 0 0 1 1 1 1 1 0 0 0 0 1 1 1 1 1 0 1 0 1 0 0 1 1 1 1 0 0 0 0 1 1 1 0 1 0 1 0 0 0 0 1 0 0 1 1 1 1 0 1 0 1 0 1 1 1 0 0 0 1 1 0 0 1 1 0 0 1 0 0 0 0 0 1 0 1 1 0
1 0 1 0 1 0 0 0 0 1 1 0 1 1 1 0 1 0 1 0 0 0 1 1 0 0 1 0 1 1 1 1 1 1 0 1 1 0 1 0 1 1 0 0 1 1 0 0 1 0 1 0 1 1 1 0 0 0 1 1 0 0 0 0 1 1 0 0 0 0 1 0 0 0 0 1 1 0 1 0 0 0 0 0 0 1 1 0 0 0 0 1 1 0 0 1 1 1 0 1
1 1 1 1 0 0 1 1 0 1 1 1 1 1 1 0 0 0 0 0 0 1 0 0 0 1 1 0 1 1 1 0 0 1 1 0 1 0 0 0 0 1 1 1 0 0 1 1 1 0 0 1 0 0 1 1 1 1 0 0 0 1 0 0 1 0 1 0 1 1 0 0 1 1 1 1 1 1 1 1 1 0 0 0 1 0 0 0 0 1 0 1 0 0 0 0 1 1 0 0
1 1 1 0 0 1 1 1 1 1 0 1 0 0 0 0 1 0 0 1 1 0 1 1 1 1 0 0 0 0 0 0 0 0 0 1 1 1 0 0 1 0 1 1 1 0 1 1 0 1 1 1 1 0 1 1 0 0 0 0 0 1 0 0 0 0 1 0 0 1 0 0 0 1 1 0 0 1 0 0 0 1 0 0 1 0 0 1 0 0 0 1 0 0 1 0 1 1 0 0
1 1 0 0 1 1 1 1 0 0 1 0 0 0 1 0 0 0 1 0 0 1 1 0 0 0 0 0 1 0 0 1 0 1 1 0 1 0 0 0 0 1 0 0 1 1 0 0 1 1 1 0 1 1 0 1 1 1 1 1 1 1 1 0 0 0 0 1 1 0 0 1 0 1 1 1 1 0 0 1 0 1 1 0 1 1 1 0 1 1 1 0 1 1 1 1 1 0 0 1
0 0 0 1 0 1 1 1 1 0 0 0 0 0 0 1 1 0 0 0 1 1 1 1 0 1 0 1 1 0 1 1 1 1 1 0 1 0 1 0 1 1 1 0 1 0 0 0 1 0 0 0 1 1 0 1 0 1 1 1 1 1 0 1 1 1 0 0 1 0 1 0 0 1 1 1 1 0 1 1 0 1 0 1 0 1 0 0 0 0 0 0 0 1 1 1 1 0 1 1
1 1 0 0 0 1 1 0 0 0 0 0 1 0 1 1 0 1 0 1 1 1 0 0 1 0 1 0 1 1 0 0 0 0 1 0 0 0 1 0 0 0 1 1 0 1 1 0 0 1 1 0 1 0 0 0 1 0 1 1 1 1 1 0 0 0 1 0 0 1 0 0 0 0 0 1 1 1 0 1 1 1 0 0 1 1 1 1 1 0 0 0 0 1 0 1 1 0 0 0
0 0 1 1 1 0 1 0 0 1 1 1 0 0 0 1 1 0 0 1 1 0 1 0 1 0 1 0 0 0 0 0 1 0 0 0 0 1 0 0 1 0 1 1 1 1 1 1 1 1 0 1 0 0 0 1 0 0 1 1 1 0 0 0 0 0 1 1 1 0 0 1 0 0 1 0 1 1 1 0 0 1 0 0 1 0 1 0 0 0 0 1 1 0 0 0 0 0 1 1
1 1 0 1 0 0 1 1 1 0 1 0 0 0 0 1 0 1 1 0 0 0 0 0 0 0 1 0 0 1 0 1 0 0 0 1 1 1 1 0 1 0 0 0 1 0 1 0 0 0 1 0 0 0 0 1 0 1 0 0 1 1 1 0 0 1 0 1 0 0 0 1 0 1 0 0 0 1 1 1 0 0 0 0 0 1 0 0 0 0 0 0 1 0 0 0 1 1 1 1
1 0 1 0 1 0 0 0 0 1 0 0 0 0 0 0 0 1 0 0 0 1 1 1 1 0 0 1 1 0 1 0 0 1 1 1 0 1 0 1 0 1 1 0 0 0 1 0 0 0 0 0 1 0 0 0 0 1 0 1 1 1 1 0 0 1 1 1 1 1 0 0 0 1 1 0 1 0 0 1 0 1 1 1 1 0 0 1 0 1 1 1 0 1 1 1 1 0 1 1
0 1 1 0 0 0 1 0 0 1 1 1 0 1 1 0 1 0 0 0 0 0 0 0 1 0 0 1 1 0 1 0 1 0 1 0 1 0 1 1 0 1 0 1 0 0 0 1 1 0 1 0 1 1 0 0 0 1 1 1 1 1 1 0 0 1 1 0 0 0 0 1 1 1 0 1 0 0 1 1 1 0 1 0 0 0 0 0 1 0 0 1 1 0 0 0 1 0 0 1
0 1 0 1 0 1 0 0 0 0 0 1 0 1 1 0 1 0 0 1 1 1 1 1 0 1 1 0 1 0 0 0 0 0 1 0 0 0 0 0 0 0 1 1 1 0 1 1 0 0 1 1 0 1 1 1 0 1 1 1 0 1 0 1 0 1 1 0 1 0 1 1 1 1 0 0 0 0 1 0 1 0 1 1 1 1 0 1 1 0 0 1 0 0 0 1 0 0 0 0
0 0 1 0 1 0 1 0 1 0 0 0 1 0 0 0 0 1 1 1 0 0 0 0 1 0 1 1 1 0 0 1 0 1 1 0 1 0 0 1 1 1 0 0 1 1 1 1 1 0 0 0 1 0 1 0 1 1 0 0 1 0 1 1 1 0 0 1 0 1 1 1 0 0 1 1 1 1 1 1 0 1 0 0 1 0 0 0 1 0 0 0 0 0 1 0 0 0 1 0
1 0 1 1 0 1 1 1 1 0 1 1 1 1 0 0 1 1 0 1 1 1 0 0 1 1 0 1 0 0 0 1 0 1 1 1 1 1 0 1 0 0 0 1 0 1 0 0 1 0 0 1 0 0 0 0 0 1 0 0 0 0 1 0 1 1 1 1 0 1 1 0 0 1 0 0 0 1 1 1 1 0 1 0 0 1 1 1 1 0 1 0 0 1 1 1 0 0 1 1
1 1 1 1 1 0 1 1 1 1 0 1 0 0 0 0 1 1 0 1 0 0 0 1 1 0 1 0 1 0 1 0 0 0 1 1 0 1 0 1 0 1 1 1 0 1 0 1 0 1 1 1 0 0 0 0 1 0 0 1 1 0 0 1 0 0 1 1 1 1 1 1 0 1 0 1 1 1 1 0 1 1 0 0 1 0 1 1 0 0 1 1 1 1 0 0 1 0 1 0
1 1 1 1 0 0 1 1 0 1 0 0 1 0 0 0 0 1 0 0 1 0 0 0 0 1 0 1 1 0 1 0 0 0 1 0 0 1 1 0 1 1 1 0 0 1 0 0 1 1 1 1 0 0 1 0 1 0 1 0 0 0 0 0 0 1 1 0 0 1 0 1 1 1 1 0 0 0 1 1 0 0 1 1 0 1 1 1 1 1 1 0 0 1 1 1 1 1 0 1
1 1 0 1 1 0 0 0 0 0 0 0 1 1 1 1 0 1 0 1 1 1 0 1 0 1 0 1 1 1 1 1 0 0 1 1 1 1 1 1 0 0 1 0 1 1 0 0 1 1 0 0 1 1 0 1 1 0 1 0 1 1 0 1 1 0 0 0 0 1 0 0 1 0 1 0 1 0 1 0 1 0 0 1 0 1 0 0 0 1 1 1 1 1 1 1 1 0 0 0
