160
123 7 52 107 30 142 24 59 48 52 105 136 127 11 79 129 16 110 105 9 101 127 3 37 32 46 94 57 23 92 53 125 131 5 123 117 56 147 50 60 81 25 6 31 128 125 14 138 71 102 40 58 14 60 66 110 130 74 157 114 99 115 134 68 88 127 108 4 30 143 4 54 57 90 150 78 98 80 122 88
0 0 0 0 0 1 0 0 1 0 1 1 0 1 0 0 1 1 1 0 1 0 0 1 0 1 0 1 0 1 1 0 0 0 0 0 0 0 1 0 1 0 1 0 1 1 1 1 0 1 0 0 0 0 1 1 1 1 0 0 1 0 0 1 0 0 0 0 0 1 1 1 0 0 0 0 1 0 0 0 1 1 1 0 1 1 1 1 0 1 0 0 0 1 1 1 1 1 0 0 1 1 1 1 0 1 1 0 0 1 1 1 0 1 1 0 0 1 1 0 1 1 0 0 0 1 0 1 0 0 1 0 1 1 1 0 0 0 0 0 0 0 1 1 0 1 0 0 0 1 0 0 1 0 1 0 0 0 1 0
0 0 0 0 1 0 1 0 1 1 1 0 0 0 0 0 1 1 1 0 1 0 1 1 0 0 0 1 0 1 1 0 0 1 1 0 0 1 0 1 1 1 0 1 1 1 1 1 1 1 1 1 1 0 1 1 0 1 0 1 0 1 1 1 0 1 0 1 0 0 1 0 0 0 1 1 0 0 1 1 0 0 0 1 1 1 0 1 1 0 1 1 1 1 0 0 1 1 0 1 1 1 0 0 1 1 1 0 1 1 0 0 1 1 1 0 0 0 0 1 0 1 0 0 0 1 0 0 1 1 0 1 1 0 0 1 1 0 0 0 1 0 1 0 0 0 0 1 1 1 1 0 0 1 1 0 0 1 1 1
1 0 0 0 1 1 0 1 0 0 0 1 0 1 0 0 0 1 1 0 0 0 0 1 1 1 0 1 1 0 1 0 0 0 0 1 0 0 1 1 0 1 0 1 0 0 0 1 0 0 1 0 1 0 0 1 0 1 1 1 1 0 1 0 0 1 1 0 1 1 1 1 0 1 0 0 0 0 1 1 0 0 1 1 0 0 0 0 1 0 1 0 0 0 0 0 1 0 1 0 1 0 1 1 0 0 1 0 0 0 1 0 0 1 1 1 0 1 1 0 0 1 0 0 0 0 0 1 1 0 0 0 1 1 1 0 0 0 1 0 0 0 0 1 0 0 1 1 0 0 1 1 0 1 0 1 1 1 1 1
1 1 0 0 0 1 0 0 1 0 1 1 0 1 1 0 0 1 1 0 0 0 1 0 0 0 0 0 1 1 0 1 1 1 0 1 1 1 1 1 1 1 0 0 0 0 1 0 1 0 0 1 0 0 0 1 1 1 0 0 0 1 1 0 1 0 0 1 1 1 0 0 0 1 0 0 0 1 1 0 0 0 1 0 0 0 1 1 1 1 0 0 0 0 1 1 1 1 1 1 0 0 0 0 0 1 1 0 1 0 0 1 1 1 0 1 0 1 1 0 0 1 1 0 0 0 1 0 1 0 0 1 1 1 1 0 0 0 0 1 0 1 0 0 0 1 1 1 1 0 0 0 1 1 0 1 1 1 1 1
1 1 0 1 0 1 1 1 0 1 1 1 0 0 1 0 1 0 1 1 0 0 0 0 1 0 1 0 1 1 1 1 0 1 0 0 0 0 1 0 0 0 1 1 0 1 0 1 1 0 0 0 1 0 1 0 1 0 0 0 0 0 1 1 1 1 1 1 0 1 1 1 1 1 1 1 0 0 0 1 1 0 1 0 0 0 1 0 0 1 1 1 0 0 0 0 0 1 1 0 1 0 1 0 1 0 1 0 0 0 1 1 1 1 1 1 1 1 0 0 1 0 0 1 1 1 0 0 1 1 0 0 0 1 1 0 0 1 1 0 0 0 0 0 1 0 1 0 0 0 1 1 1 1 1 0 0 1 1 0
1 0 0 1 1 0 1 1 0 1 1 0 0 0 1 1 1 1 0 0 1 1 0 1 1 1 1 0 1 0 1 1 1 1 0 1 1 0 0 0 1 0 0 0 1 1 0 1 0 0 0 0 1 0 1 0 1 0 0 0 1 1 0 0 0 0 0 0 0 1 0 1 0 1 0 1 0 0 1 1 0 0 1 1 1 0 0 0 0 0 0 1 1 0 1 0 1 1 0 0 1 0 1 0 1 0 0 1 0 0 0 0 1 1 1 0 1 1 0 1 1 0 1 1 0 1 0 1 1 0 0 1 1 1 0 0 0 0 1 1 1 1 1 1 1 1 0 1 0 0 1 1 0 0 1 1 0 0 0 1
0 0 1 0 1 0 0 1 1 1 0 1 0 0 1 0 0 1 0 0 0 1 1 0 0 1 1 0 0 1 0 0 1 1 0 0 1 1 0 1 1 0 1 0 1 1 0 1 1 1 0 0 0 1 1 0 0 0 0 0 1 0 0 1 0 0 1 0 1 0 1 0 1 0 1 1 0 0 0 1 0 0 0 0 1 0 1 1 1 1 0 1 0 1 0 0 1 1 1 1 1 1 1 0 0 1 1 1 0 0 1 1 0 1 0 1 1 1 0 0 1 1 0 1 0 1 0 1 0 1 0 1 1 0 1 0 1 1 0 0 1 0 1 1 1 1 1 0 1 1 1 1 1 1 1 1 0 0 1 0
0 1 0 0 0 1 0 0 1 1 1 1 0 0 1 0 1 0 1 1 1 0 0 1 1 0 0 1 1 1 1 1 1 0 0 1 1 0 0 1 0 1 1 1 0 0 1 1 1 1 1 1 1 0 0 0 0 0 0 0 0 1 1 0 1 1 1 1 1 0 0 0 0 0 0 0 1 1 1 1 0 0 0 0 1 0 0 1 1 0 0 1 0 1 1 1 1 0 1 1 0 0 0 0 1 1 0 1 1 1 0 0 1 0 0 0 0 0 1 1 1 1 0 0 0 0 0 1 0 1 1 1 0 0 1 1 0 0 1 0 0 1 1 0 1 0 1 0 1 0 0 0 1 0 1 0 0 1 0 0
1 1 1 0 0 0 1 0 0 0 1 1 1 0 1 1 0 0 0 0 0 1 0 0 0 0 0 0 1 0 1 0 1 0 0 0 0 0 0 1 0 1 0 0 0 0 0 0 0 1 1 0 1 0 1 0 0 1 0 0 1 0 0 1 0 0 0 1 0 0 0 1 1 0 1 1 0 0 1 0 1 0 0 1 0 1 0 0 1 1 1 1 0 0 0 1 1 1 0 1 1 1 1 1 0 0 1 0 1 1 1 1 1 1 1 0 0 0 0 1 1 1 1 0 0 1 1 1 1 0 0 1 1 1 1 0 1 1 0 1 1 0 0 1 0 1 0 1 1 0 1 1 0 0 0 1 1 1 0 0
1 0 0 0 1 0 1 1 0 0 1 1 0 0 1 1 0 1 0 1 0 1 0 0 0 1 0 1 1 1 0 0 1 0 1 0 1 0 1 1 1 0 1 1 0 0 0 1 0 0 1 0 0 0 1 1 1 1 1 0 1 1 0 0 0 1 1 0 1 1 1 1 1 1 0 0 1 0 1 0 1 0 0 1 0 1 1 1 0 0 0 0 0 0 0 0 0 0 1 1 1 1 0 0 1 0 1 0 0 1 0 1 1 0 1 0 0 1 1 0 0 1 1 1 0 0 0 0 0 0 1 1 1 0 1 1 1 1 1 0 0 1 1 1 1 1 1 1 0 0 1 1 1 1 0 0 0 1 1 1
1 1 0 0 0 1 1 0 1 0 0 0 1 1 1 1 0 1 0 1 0 0 1 1 1 1 1 1 0 0 0 0 0 0 1 1 1 0 1 0 1 0 1 1 0 0 1 0 0 1 0 0 0 0 1 1 0 0 1 0 1 0 1 1 0 1 1 1 0 0 1 0 1 0 0 0 1 0 1 0 0 1 0 0 0 0 1 0 0 1 1 0 0 0 0 0 1 0 1 0 0 0 0 0 0 0 1 0 1 1 0 0 0 0 0 1 1 0 1 1 1 0 0 1 0 0 1 1 1 1 0 0 1 0 1 1 1 1 1 1 1 0 1 0 1 0 1 1 1 0 0 1 1 0 1 0 0 0 0 1
1 0 0 0 1 0 1 0 1 1 1 0 1 1 0 1 1 0 0 0 0 0 0 1 1 0 1 1 0 1 0 1 0 0 1 0 0 0 0 1 1 1 0 1 1 1 1 0 0 1 1 0 0 1 1 1 1 1 1 0 1 0 0 0 0 0 1 0 1 1 1 1 0 1 0 1 0 0 1 0 1 1 1 1 0 1 1 1 1 0 1 0 1 0 1 0 0 0 1 1 0 1 0 1 0 1 1 1 0 0 1 1 1 0 1 1 1 0 1 0 1 0 0 0 0 1 1 0 1 1 0 0 1 1 0 1 1 1 0 0 0 1 1 1 0 0 1 0 0 0 0 0 1 0 1 0 1 0 1 1
1 0 1 0 0 1 1 0 0 0 0 0 0 0 1 1 1 0 0 0 0 1 0 0 1 1 0 0 1 0 1 1 0 1 0 1 0 0 1 0 0 1 1 0 1 1 1 1 1 0 0 0 1 1 0 0 1 0 1 0 1 0 1 1 0 1 1 0 1 0 0 1 1 1 0 1 1 0 1 1 0 1 1 1 1 0 1 0 0 1 0 0 0 1 0 1 1 0 1 1 1 1 1 1 1 0 1 1 0 1 0 0 0 1 0 1 1 1 1 1 0 0 1 1 0 1 1 0 0 1 0 0 1 0 1 1 0 1 1 0 1 0 1 1 0 1 1 1 1 0 0 0 1 0 1 1 0 0 1 1
0 0 1 1 1 1 0 1 1 0 0 0 0 0 1 0 0 1 1 1 0 0 1 0 0 0 1 0 0 0 1 0 0 1 0 1 1 0 1 1 0 1 1 0 1 0 0 1 1 0 1 1 0 0 1 0 1 0 1 1 1 0 1 1 1 1 1 1 1 0 0 1 0 1 0 1 0 1 0 0 1 0 0 1 1 1 0 0 1 1 0 1 1 1 1 0 1 0 1 1 1 1 1 1 1 0 1 0 0 0 0 0 1 0 1 1 0 1 1 1 0 1 1 0 0 1 1 0 1 0 1 1 1 1 1 1 1 1 1 1 1 0 1 0 0 1 1 1 1 1 1 1 1 1 0 1 1 0 0 1
0 1 0 1 0 1 0 0 0 1 1 1 0 0 0 0 1 0 0 1 1 1 1 1 0 0 1 1 0 1 1 1 0 1 1 0 1 0 1 0 1 1 1 0 1 0 0 1 1 0 1 0 0 0 0 1 0 0 1 1 0 0 0 1 1 1 0 0 1 0 0 0 0 1 0 0 0 1 0 0 1 0 1 1 0 0 0 0 1 1 0 0 1 1 1 0 1 1 1 0 1 1 1 1 0 0 0 1 0 1 0 0 0 1 0 0 1 0 1 1 1 1 0 0 1 1 1 0 0 1 1 0 1 0 1 1 0 0 1 1 1 0 1 0 1 1 0 0 0 1 1 1 1 0 1 1 0 1 1 0
1 0 1 0 0 0 1 1 0 0 1 0 0 1 1 0 1 1 0 1 1 1 1 1 1 1 0 1 1 1 1 0 0 0 1 0 1 1 1 0 1 0 0 1 1 0 1 0 1 0 1 1 1 0 0 0 0 1 0 0 0 0 0 0 1 1 1 0 0 1 0 0 0 1 1 1 1 1 0 0 0 0 1 1 0 1 0 0 1 1 0 1 0 1 0 1 0 1 1 1 0 1 1 0 1 0 1 1 1 0 0 1 0 0 0 0 1 1 0 0 1 1 1 1 0 1 0 1 0 1 0 1 1 0 0 1 0 0 1 1 1 1 1 1 1 0 1 0 1 0 1 1 1 1 1 0 0 0 0 1
1 0 0 1 1 1 0 1 0 0 0 0 0 0 1 1 0 0 0 1 0 0 0 0 0 1 1 0 0 0 1 1 0 1 1 0 1 0 0 0 1 0 0 0 1 1 1 1 1 0 0 1 1 0 0 0 1 0 1 1 0 1 1 1 1 1 1 0 0 1 1 1 0 1 0 1 1 0 1 1 0 0 1 1 0 0 1 0 1 0 1 1 1 0 1 1 0 0 0 1 1 1 1 0 0 1 1 0 1 1 1 0 1 0 0 1 0 0 0 0 1 1 0 0 1 1 1 1 1 0 0 0 1 0 0 1 1 0 0 1 1 1 1 0 0 1 0 1 0 1 1 0 1 1 1 0 1 0 1 0
1 1 1 1 1 0 0 0 0 0 0 0 0 0 1 0 0 0 0 1 1 0 0 0 1 1 1 1 1 1 1 0 0 0 0 0 0 0 0 0 0 0 1 0 1 1 0 1 0 0 1 0 0 0 0 1 1 0 0 0 1 0 0 0 0 1 1 1 1 0 0 1 1 1 0 1 0 0 0 1 0 1 0 1 1 0 1 1 1 1 0 1 0 0 1 1 0 1 1 1 0 0 0 0 0 0 0 1 0 1 1 1 1 1 0 0 0 1 1 1 1 0 1 1 1 0 1 0 0 1 0 1 1 0 1 0 0 1 0 0 1 1 1 0 1 0 1 1 0 1 1 1 1 1 1 0 0 0 1 0
1 1 1 0 0 1 0 0 1 1 0 1 1 0 1 0 0 1 0 0 1 0 0 1 0 1 0 1 0 1 1 1 1 0 0 1 0 1 0 1 1 1 0 0 1 1 1 0 0 1 1 1 1 1 0 1 0 1 1 0 0 1 0 0 1 0 0 0 1 1 0 0 0 1 1 1 0 0 1 0 0 1 1 0 1 0 1 1 0 1 0 1 1 0 1 1 1 1 1 1 0 1 0 0 0 0 1 0 1 0 1 1 1 0 1 0 1 1 0 0 0 1 0 1 1 1 0 1 0 1 1 0 1 0 1 0 0 0 1 1 1 1 1 1 0 0 1 0 1 0 0 0 0 0 0 0 0 1 0 0
1 0 0 1 0 0 1 0 1 1 0 1 1 0 0 1 1 0 0 0 1 1 1 1 0 0 1 1 0 1 1 1 0 1 0 0 0 1 1 0 0 0 0 0 1 0 1 0 0 0 0 0 1 1 0 0 0 1 0 0 0 1 1 0 0 0 0 0 1 0 1 0 0 0 1 0 1 1 1 0 1 0 0 1 0 0 0 1 0 1 0 0 1 1 0 0 0 0 1 0 0 0 0 1 1 0 1 1 1 0 1 0 1 0 1 1 1 0 0 1 0 1 1 1 1 0 1 0 1 0 1 1 1 0 1 0 0 0 1 1 0 1 1 0 1 0 0 1 0 0 0 0 0 0 0 1 1 0 1 1
0 0 0 0 0 1 1 1 0 0 0 0 0 0 0 1 1 0 1 0 0 1 0 1 1 1 0 1 0 0 0 1 1 0 1 1 0 1 0 1 0 0 0 1 1 1 0 1 1 0 0 1 0 1 0 1 1 0 1 1 0 0 1 1 1 1 0 0 0 0 1 0 1 0 0 0 0 1 1 1 0 0 1 1 0 1 1 1 0 0 0 0 0 1 1 0 0 0 1 1 0 0 0 1 1 1 0 0 1 0 0 1 0 0 0 1 0 0 0 0 0 1 0 1 0 1 1 1 1 0 0 1 1 0 1 1 1 1 0 0 1 1 1 1 1 1 1 0 0 1 0 0 1 1 0 1 1 1 1 0
0 1 1 0 1 0 0 0 0 1 0 1 1 1 1 0 1 0 1 1 1 0 1 1 1 0 1 1 0 0 1 0 0 1 0 1 1 1 0 0 0 0 0 1 0 0 1 1 1 1 1 0 0 1 0 1 1 1 1 1 1 1 0 0 1 0 0 1 1 1 1 1 1 1 0 1 1 0 0 1 1 0 1 0 1 0 0 0 1 0 1 0 0 1 1 0 0 0 1 1 1 1 1 1 1 1 1 1 1 0 0 1 1 0 0 1 0 1 0 1 1 1 1 1 0 1 0 1 1 0 1 0 0 0 0 1 1 0 1 0 0 1 1 1 0 0 0 1 1 1 1 1 1 0 0 0 1 0 0 1
1 0 1 0 0 0 1 0 0 0 1 0 1 1 1 0 0 1 0 1 0 0 0 1 0 1 1 0 0 1 0 0 0 0 0 1 1 0 1 0 1 0 0 1 0 1 1 1 0 1 0 1 0 0 1 0 1 0 0 1 1 0 0 1 0 1 1 1 1 0 0 1 1 1 0 1 1 0 1 0 1 0 1 1 1 0 0 1 0 1 0 1 0 1 0 1 1 1 1 1 0 0 0 0 0 1 0 1 1 1 1 1 0 1 1 0 1 1 0 0 1 0 0 1 1 0 1 0 0 1 1 1 0 1 0 1 0 1 0 0 0 1 0 0 1 0 0 0 0 0 1 0 1 1 0 0 1 0 1 0
1 0 0 1 0 0 0 1 1 1 0 0 1 1 0 1 0 0 1 0 0 1 0 0 0 0 0 0 0 0 0 1 0 1 0 1 1 0 1 0 1 0 0 1 1 1 1 1 0 0 1 1 1 1 1 0 1 1 0 0 0 1 1 1 1 1 1 0 0 1 0 0 1 1 1 0 0 1 0 0 0 1 1 1 0 1 1 1 1 1 1 0 0 0 0 0 1 0 1 0 1 1 0 1 1 0 0 1 1 1 0 1 0 0 0 1 1 0 0 1 0 1 1 0 1 1 0 1 1 0 1 1 0 1 1 1 0 0 1 1 0 0 1 0 1 0 0 0 1 0 0 0 1 0 0 0 0 0 0 1
1 0 1 0 0 1 1 1 0 0 0 1 1 1 1 1 0 0 0 1 1 1 0 0 0 0 0 1 0 0 0 0 1 1 0 1 0 0 1 0 0 1 0 1 1 0 1 1 1 1 0 0 1 0 0 1 0 1 1 1 1 0 1 1 0 0 1 1 1 1 0 1 0 1 1 1 0 0 0 1 1 1 0 1 0 0 1 0 0 1 1 0 0 1 0 1 0 0 1 0 0 0 0 1 1 1 0 1 0 1 1 0 0 0 0 0 0 0 0 1 1 0 1 1 1 1 0 1 1 1 1 1 1 0 1 1 1 1 1 0 1 0 1 0 1 0 0 0 0 0 1 1 0 1 0 1 1 0 0 1
0 0 1 1 0 0 1 1 1 0 1 1 0 0 0 1 0 1 1 0 1 1 0 0 1 0 0 0 1 0 1 0 0 0 1 1 0 1 1 1 1 1 1 1 1 0 0 0 0 0 1 1 1 1 0 0 1 0 1 1 0 0 1 0 1 1 1 1 0 1 0 0 0 0 1 1 1 0 1 1 0 1 0 0 1 1 0 1 0 0 1 0 1 0 1 1 0 0 0 1 0 1 1 0 1 1 1 1 0 0 0 0 0 0 1 1 0 0 1 0 0 0 1 0 1 0 0 0 0 1 0 1 0 0 0 0 0 0 0 1 1 0 1 0 0 0 1 0 1 0 0 0 0 1 1 1 1 1 0 1
0 0 1 0 1 1 0 1 1 1 0 0 0 1 0 1 0 1 1 0 1 0 0 0 0 0 0 0 1 1 1 0 1 0 0 0 0 1 0 0 1 1 1 1 0 0 0 1 1 1 1 0 1 1 1 1 0 1 1 0 1 1 0 0 0 0 0 1 0 1 1 1 1 1 0 0 1 0 0 0 0 0 0 1 1 0 1 0 1 0 0 0 0 1 0 1 1 1 1 0 1 0 0 0 1 0 1 0 0 0 0 1 1 1 1 0 1 1 0 0 0 1 1 0 0 0 0 1 0 1 0 0 1 0 0 0 1 0 1 0 1 1 1 0 1 0 1 1 0 1 0 1 1 1 1 1 0 0 0 0
1 1 1 1 1 1 0 0 1 0 0 1 1 1 0 1 1 0 1 0 0 1 1 0 1 1 0 0 0 0 1 1 0 1 1 0 0 0 0 1 1 1 0 0 1 1 0 1 1 1 1 0 0 1 1 1 0 1 1 1 1 0 1 1 1 0 1 1 1 0 1 1 1 1 0 0 0 0 0 0 1 1 0 1 0 0 0 0 1 1 1 1 0 0 0 0 0 1 0 0 1 0 0 1 1 1 0 0 0 0 1 1 0 1 0 0 1 1 0 1 1 0 0 0 1 1 1 0 1 1 0 0 0 1 1 0 0 0 1 0 1 0 1 1 1 0 1 1 0 1 0 1 0 0 1 1 0 1 0 1
1 0 1 0 0 0 0 1 1 1 1 0 1 0 1 0 0 0 1 1 0 1 0 1 0 0 0 0 0 0 1 0 1 0 1 1 1 0 1 0 0 0 0 0 0 0 1 1 1 0 0 0 1 1 0 1 1 1 1 1 1 0 1 1 1 1 1 0 0 0 0 0 0 1 1 1 1 1 0 0 0 0 0 0 0 0 1 1 0 0 0 0 1 0 1 0 1 1 1 1 1 0 1 1 0 0 0 0 1 0 1 1 0 0 1 1 1 0 0 0 1 0 1 1 1 1 0 0 0 0 1 1 0 0 1 1 0 0 0 1 1 1 0 0 0 1 1 0 1 1 0 0 0 0 1 1 0 1 0 1
1 1 0 1 1 0 0 1 1 1 0 0 1 0 1 1 0 0 0 0 0 0 0 0 1 1 0 1 0 0 1 0 0 0 1 1 0 1 0 0 0 1 1 1 0 0 1 0 1 0 0 1 1 1 1 1 0 0 0 1 1 1 0 1 0 0 0 1 0 0 0 0 0 1 1 1 1 1 1 1 1 0 0 1 0 0 1 1 1 0 0 0 1 1 1 1 0 1 0 0 1 1 1 0 0 1 0 1 0 1 1 0 0 0 0 1 0 1 0 0 1 1 1 0 0 1 0 0 1 1 1 1 1 0 0 0 0 1 1 1 0 0 1 0 1 0 0 0 1 0 1 0 1 1 1 0 1 0 1 0
1 1 0 0 0 1 0 0 0 0 0 0 0 0 1 1 1 0 0 1 1 0 1 0 0 0 1 1 0 0 0 0 0 0 1 1 0 1 0 1 1 0 0 1 1 0 1 0 1 0 0 1 1 0 0 0 0 1 1 0 0 1 1 1 0 1 0 1 1 1 1 0 1 0 0 1 0 1 1 1 1 1 1 1 1 0 0 1 0 1 1 0 0 0 0 1 0 1 0 1 0 0 1 1 0 1 0 1 0 1 0 0 0 1 1 0 0 1 0 0 1 1 1 0 1 1 0 1 1 0 1 1 1 1 0 0 1 0 1 1 0 0 0 0 1 1 1 1 0 1 1 1 0 0 0 0 1 1 1 0
0 0 0 1 1 0 0 1 0 1 1 0 0 0 1 0 1 1 0 0 1 0 1 0 1 0 0 0 1 0 0 0 1 0 1 0 0 1 1 1 1 0 1 1 0 0 1 0 0 1 0 1 1 0 1 0 1 0 0 0 1 1 1 1 1 1 0 0 0 0 0 0 0 1 0 1 1 0 1 1 0 0 0 0 1 1 1 1 1 0 0 1 1 0 1 0 1 0 0 1 0 0 0 0 0 1 0 1 0 1 0 0 1 0 0 1 1 0 1 0 1 1 0 0 0 1 0 0 0 1 1 0 0 0 0 0 1 0 0 1 1 1 0 0 1 1 1 1 0 0 0 0 1 0 0 1 0 0 0 1
1 0 0 0 0 1 0 0 1 0 1 1 0 0 1 1 1 1 0 1 0 1 0 1 0 0 0 1 1 1 1 1 0 1 0 0 1 0 1 0 0 1 1 0 0 0 1 0 1 1 1 0 1 0 0 1 1 0 0 1 1 0 1 1 0 1 1 1 0 0 1 1 1 1 1 0 0 1 0 0 0 1 1 0 1 0 1 0 1 0 0 0 0 0 1 1 1 0 0 1 0 0 1 1 1 1 0 0 0 0 1 0 1 1 1 0 1 0 1 1 1 0 0 0 0 0 1 0 1 1 1 0 0 0 0 1 0 1 0 1 0 1 0 1 1 1 0 1 1 0 1 1 0 1 0 1 1 1 0 1
1 0 1 1 1 1 0 0 0 1 0 0 1 0 1 0 1 1 1 0 0 1 1 1 0 1 1 0 1 0 1 1 1 0 0 0 1 0 0 0 1 0 1 0 1 1 0 0 0 0 0 0 0 0 0 1 1 0 0 1 1 1 1 0 0 1 0 1 0 1 0 0 1 1 1 1 1 1 0 0 0 1 0 0 0 1 0 0 1 1 0 1 1 0 0 1 0 1 1 0 0 1 0 1 1 1 1 1 1 1 1 0 0 0 0 1 0 1 0 0 1 1 0 1 0 0 0 1 1 0 0 1 0 1 1 0 1 1 0 0 1 1 0 0 1 1 0 1 1 0 1 1 0 1 0 1 0 1 0 1
0 0 1 1 0 1 0 0 0 1 0 1 0 0 1 1 0 1 1 1 1 0 0 1 0 1 1 1 1 0 1 1 1 0 0 1 1 1 1 1 0 0 0 0 0 0 1 1 1 1 0 1 1 0 1 1 0 1 1 0 0 0 0 1 1 1 0 1 1 1 1 0 1 0 0 0 1 1 0 1 0 1 1 1 1 0 1 0 0 0 0 1 1 1 0 1 1 1 0 1 1 1 0 1 1 0 0 0 0 1 0 1 1 1 0 1 0 0 0 1 1 1 1 1 0 0 0 1 0 0 1 1 0 1 0 1 1 0 0 1 0 1 1 0 1 1 0 1 0 0 0 1 1 0 1 1 0 0 0 0
0 0 1 1 1 1 1 0 0 1 0 0 0 0 0 0 1 0 1 0 1 0 1 1 0 1 1 0 1 0 0 0 0 0 1 0 1 0 0 0 1 0 1 1 1 1 1 1 0 1 1 1 0 0 1 0 1 0 0 1 0 1 1 1 0 1 1 0 1 0 1 1 0 1 1 0 0 0 0 1 1 1 1 0 0 0 1 1 0 1 0 1 1 1 1 1 0 0 1 1 0 1 0 1 0 1 1 0 1 0 1 1 0 0 0 1 0 1 0 1 0 0 0 0 0 1 0 1 0 0 1 0 0 1 0 1 0 0 1 1 1 1 1 0 1 1 0 0 0 1 1 0 0 0 0 1 1 1 1 0
0 0 0 1 0 1 0 0 0 0 1 1 0 0 1 1 1 0 1 0 0 1 1 1 0 1 0 1 0 0 1 0 1 1 1 1 0 1 0 1 0 1 1 1 0 0 1 1 1 1 0 1 0 1 0 0 0 1 0 0 0 1 0 0 1 0 0 0 1 1 0 0 1 0 1 1 0 1 1 0 0 0 0 0 1 0 0 1 0 0 1 0 0 1 1 1 1 1 0 1 0 1 1 1 1 0 0 0 0 1 0 0 0 1 1 1 1 1 1 1 1 1 1 0 0 0 0 1 1 0 1 0 1 0 1 1 0 1 1 1 1 0 0 1 1 1 1 1 0 1 0 0 0 1 1 1 0 1 1 0
0 0 1 0 1 1 0 1 0 0 1 0 0 0 0 1 1 0 0 1 0 1 0 1 1 1 0 1 0 1 1 0 1 0 1 1 1 0 1 1 0 1 0 0 0 0 0 0 1 0 0 0 0 0 1 0 0 1 1 1 0 0 0 1 1 1 1 1 0 1 1 1 0 0 1 1 1 0 0 0 0 0 0 1 0 0 1 1 1 1 1 0 0 1 0 1 1 1 0 0 0 0 0 1 1 0 0 1 0 1 0 1 1 1 0 0 0 0 1 1 1 1 1 0 1 0 1 1 1 0 0 0 0 1 0 1 1 0 1 0 1 0 0 0 1 0 0 1 1 0 0 1 1 0 1 1 1 1 0 1
1 1 1 0 0 0 0 0 0 0 0 1 1 1 1 0 1 1 1 0 0 0 0 1 1 1 1 0 1 1 0 1 0 0 0 1 1 0 0 0 1 0 0 0 0 0 0 1 0 1 0 0 1 0 1 0 1 1 0 0 1 1 1 0 1 1 0 0 1 1 0 0 1 1 1 1 0 1 1 0 0 0 1 0 1 1 1 0 0 1 0 1 1 0 0 1 1 0 0 1 0 1 0 1 1 0 0 1 1 1 1 1 1 1 0 1 0 0 0 1 1 1 1 1 1 0 1 0 1 1 0 0 0 0 0 0 1 0 0 1 0 0 0 0 0 0 0 1 0 0 0 1 1 0 1 1 0 0 1 0
0 0 1 1 1 1 0 0 1 1 0 0 0 0 0 0 1 0 0 1 1 0 1 0 0 0 1 0 1 0 0 0 0 0 1 0 1 0 0 0 1 1 0 1 0 1 1 1 1 1 1 1 0 1 1 1 0 0 1 0 1 0 1 1 1 0 1 0 0 0 1 0 0 0 1 0 0 1 0 0 0 0 0 0 1 1 0 1 1 0 1 0 0 0 0 1 0 1 1 0 1 0 0 0 1 1 1 0 0 0 0 0 1 1 0 0 1 1 0 1 1 1 1 0 1 0 0 1 0 1 0 1 0 0 0 0 1 0 0 0 1 1 0 1 1 1 1 0 0 0 0 0 0 1 0 1 1 0 0 0
1 1 1 1 0 1 1 0 1 1 1 1 1 0 1 1 1 1 0 1 1 0 1 1 0 0 0 1 0 0 1 0 0 1 0 1 0 1 0 1 0 0 1 0 0 0 1 1 1 1 1 1 0 0 0 1 0 0 0 0 1 0 1 1 0 1 1 0 1 0 1 0 0 1 1 0 0 0 1 1 1 0 1 1 0 1 0 1 0 1 1 1 1 0 1 1 1 1 0 0 1 1 0 0 1 0 1 1 1 1 1 1 0 1 1 1 1 0 1 0 0 1 0 0 0 0 0 0 0 1 0 1 1 0 0 1 1 1 1 0 1 0 0 1 1 1 1 1 1 0 1 0 0 0 0 0 0 1 0 0
1 1 0 1 1 0 1 1 0 1 1 0 1 0 1 0 1 1 1 1 0 1 1 0 0 1 1 1 0 0 1 1 0 0 1 0 1 0 1 0 0 0 0 1 1 0 0 1 1 1 1 0 0 1 1 0 1 0 1 1 0 1 1 0 1 0 1 1 0 0 0 0 1 0 0 1 1 0 1 0 1 0 1 0 1 0 1 1 1 0 0 0 0 0 0 0 1 0 0 1 0 0 0 1 1 1 1 0 1 0 1 0 1 1 0 1 1 1 1 1 1 1 0 0 1 1 0 0 1 1 1 0 0 0 0 0 1 1 1 1 0 0 0 1 1 1 1 0 1 0 0 1 0 0 1 1 0 1 0 0
0 1 1 0 0 1 0 0 0 0 0 0 0 0 1 0 1 1 0 1 1 0 0 1 0 1 1 1 0 0 0 1 1 1 1 0 0 0 0 1 0 0 0 0 1 1 0 1 1 0 1 1 1 1 1 1 1 0 0 0 1 1 1 1 0 0 1 0 1 0 1 1 0 1 0 1 0 0 1 0 0 1 0 0 0 0 0 0 0 1 0 0 0 1 0 1 0 1 0 1 1 0 0 1 1 1 1 1 1 0 1 1 1 1 0 1 0 1 0 1 0 1 0 0 1 0 0 0 0 0 1 1 1 0 1 0 0 1 0 0 0 1 0 1 0 1 1 0 1 1 1 0 0 0 1 0 0 1 0 0
1 1 0 1 1 0 1 1 1 1 1 1 1 1 1 0 0 0 1 1 1 1 0 1 0 1 0 0 1 0 0 1 1 1 0 1 0 0 1 0 0 0 1 0 1 1 0 1 1 1 0 0 1 1 0 0 1 1 0 1 1 1 1 0 0 1 0 1 1 1 1 1 1 1 1 0 0 1 0 1 0 1 0 0 0 0 0 0 1 1 1 0 1 1 1 0 0 0 0 1 0 0 1 1 0 1 0 1 1 0 1 1 0 1 1 1 1 0 1 0 1 0 1 0 0 0 0 1 1 0 0 1 1 1 1 1 1 1 0 0 0 0 1 0 0 0 0 0 0 1 0 1 0 1 1 1 1 0 1 0
1 1 1 0 1 1 1 1 1 0 1 1 1 1 1 1 0 1 1 1 1 0 0 0 0 1 1 1 0 0 1 1 0 1 0 1 1 1 1 1 1 0 1 0 0 0 0 1 0 0 1 0 0 1 0 0 0 0 1 1 0 0 1 0 0 0 1 1 1 1 0 1 0 0 1 0 0 0 0 0 0 1 0 1 1 0 1 1 0 0 0 1 0 0 0 1 1 1 1 1 0 1 0 1 0 0 1 0 0 1 1 1 0 0 1 0 1 1 0 0 1 0 1 1 1 0 0 1 1 1 0 0 0 1 1 0 1 1 1 0 1 0 0 1 1 0 0 0 0 0 0 1 1 0 1 0 0 1 0 1
1 1 0 0 1 1 1 1 1 0 1 1 1 0 1 1 1 1 0 0 1 0 1 1 0 0 1 0 0 1 1 1 0 1 0 0 1 0 1 1 0 0 1 1 1 0 1 0 1 0 0 0 0 1 0 1 0 1 0 1 1 1 0 0 0 0 0 1 1 0 0 0 0 1 0 1 1 0 1 1 1 0 0 1 0 0 0 0 1 1 0 1 1 1 1 0 0 0 0 1 0 1 1 1 1 1 1 0 1 0 1 0 1 1 0 1 1 1 0 1 0 0 0 1 1 0 1 0 0 0 0 1 0 1 1 0 1 1 1 0 0 0 1 1 1 0 1 0 0 0 1 0 1 1 1 1 1 1 0 1
0 1 0 1 1 1 1 0 1 0 0 1 1 0 0 1 0 1 0 1 1 0 0 1 1 0 0 0 1 1 1 0 0 0 0 0 0 1 0 1 0 1 1 0 1 1 0 1 1 1 1 1 0 0 0 0 1 0 0 0 1 1 0 1 1 1 0 1 1 0 1 0 1 0 0 0 1 0 0 0 0 0 1 0 1 0 0 0 1 0 1 0 1 1 0 0 0 0 0 1 1 0 0 1 1 1 1 0 1 0 0 0 0 0 1 1 0 1 0 1 0 1 1 0 0 1 1 0 1 1 1 0 1 0 1 1 0 0 0 1 1 1 1 1 1 1 0 1 1 0 1 0 1 0 0 1 0 1 0 0
0 1 0 1 0 0 0 1 0 1 1 0 0 0 1 1 1 1 1 1 1 0 1 1 0 1 1 0 1 1 0 1 1 1 1 0 1 0 1 1 1 1 1 1 0 0 0 0 1 1 0 0 0 0 0 1 1 1 0 1 1 0 0 0 0 0 1 0 0 0 0 0 1 1 0 0 1 0 0 0 0 1 0 1 1 1 0 1 1 1 1 1 0 0 1 0 1 1 0 1 1 1 1 0 0 1 1 0 1 1 1 0 0 0 1 1 1 1 1 0 0 0 1 0 1 1 0 1 0 1 1 0 0 0 1 0 0 0 1 1 0 1 1 0 0 1 1 1 0 1 1 1 0 1 1 1 0 1 1 1
0 1 1 1 0 0 1 0 1 1 1 1 0 1 0 1 0 1 1 1 0 0 1 0 1 0 1 0 1 1 1 0 1 0 1 0 1 0 1 0 1 0 0 0 1 1 0 0 0 0 0 0 0 0 1 0 1 0 0 0 0 0 1 1 1 1 0 0 0 1 0 1 1 0 1 1 0 1 1 0 0 0 0 1 1 0 0 1 1 0 0 0 1 1 1 0 0 0 0 0 0 0 1 1 1 0 0 1 0 0 1 1 1 0 1 1 1 1 1 0 1 0 0 0 0 1 0 1 0 1 1 1 1 1 1 0 1 1 1 1 0 0 0 0 1 1 1 0 1 0 1 0 0 0 0 0 0 1 0 1
0 1 1 1 1 0 1 1 0 0 1 0 0 0 0 0 0 1 1 0 1 1 0 0 0 0 0 0 0 1 1 1 0 1 1 0 0 0 0 0 1 0 0 1 1 1 1 1 0 0 0 0 0 0 1 1 1 1 0 0 0 1 0 0 0 0 1 1 1 1 1 1 1 1 1 1 1 0 0 0 0 1 0 1 1 1 1 0 1 1 0 0 0 0 1 0 0 0 1 0 0 0 1 0 1 0 0 0 1 1 1 1 0 0 1 0 0 1 1 0 0 0 0 0 0 1 1 1 0 0 0 0 0 0 0 0 0 0 1 1 1 0 1 1 1 0 1 1 0 1 0 1 0 0 1 1 1 1 0 0
0 1 0 1 0 1 0 1 0 0 1 1 0 0 0 0 1 1 0 1 0 1 0 1 0 1 1 0 0 1 1 1 1 1 1 0 0 1 0 1 1 0 0 1 1 0 1 0 0 0 0 0 0 1 1 0 0 0 1 1 0 1 1 1 0 1 1 1 1 1 0 1 1 1 0 1 0 0 0 1 1 1 1 1 1 0 1 1 0 0 1 0 0 1 1 1 1 0 1 0 0 0 0 1 1 0 1 0 0 1 0 0 1 1 1 1 0 0 0 0 0 0 0 1 1 1 1 1 0 1 1 1 0 1 0 1 1 1 1 1 1 1 1 1 1 1 0 0 0 1 1 1 0 0 1 0 1 0 1 0
1 1 0 1 0 1 1 1 1 1 1 1 1 1 0 0 1 0 0 0 1 1 0 0 0 0 1 0 0 1 1 0 0 0 1 1 1 1 0 1 0 0 1 0 1 0 0 0 1 0 1 0 1 0 1 0 0 0 1 1 0 1 1 1 0 0 1 0 1 0 0 1 0 1 0 1 0 1 0 1 0 0 1 0 1 0 1 0 0 1 0 1 0 0 0 1 1 1 1 0 0 0 0 0 1 1 1 0 1 0 1 1 1 1 0 0 0 1 0 1 0 1 0 0 0 1 0 1 0 1 1 0 0 0 1 0 0 1 0 0 0 1 1 0 0 0 1 1 1 1 1 0 0 1 0 0 1 0 1 0
1 0 0 1 0 1 0 1 0 0 0 0 0 0 1 1 0 1 0 1 0 0 1 1 1 1 0 1 1 1 1 1 1 0 0 1 1 1 0 1 1 0 1 1 1 0 1 0 1 0 0 0 0 1 1 1 0 0 0 0 1 0 1 0 1 0 0 0 1 0 1 1 1 1 0 0 0 1 0 0 0 0 1 1 0 1 0 0 1 1 0 0 1 1 1 1 0 1 1 0 1 0 0 1 0 0 0 0 1 1 0 0 0 0 1 0 0 1 0 0 1 0 0 0 0 1 0 1 1 1 0 1 0 0 1 1 0 1 0 1 0 1 1 1 0 0 1 1 1 1 1 0 1 0 0 0 1 0 1 0
0 0 0 1 1 0 0 1 1 1 1 1 0 1 0 1 1 0 1 1 1 1 1 0 1 0 1 1 1 1 1 1 0 1 0 0 0 1 0 1 1 1 1 0 1 1 0 0 0 1 1 1 0 0 1 1 1 0 0 1 0 1 0 1 0 0 1 0 0 1 0 0 1 1 1 1 1 1 1 1 1 1 0 1 1 1 0 0 0 1 1 0 0 1 0 1 1 0 0 1 0 1 1 1 1 0 1 1 0 1 0 1 0 0 0 0 1 0 0 1 0 1 0 0 0 1 0 0 0 1 1 1 1 0 1 0 1 1 1 1 0 1 1 0 1 1 0 0 0 1 0 0 1 1 0 1 1 0 0 0
1 1 0 1 0 0 1 1 0 1 0 1 0 0 1 1 0 0 0 1 0 0 1 1 1 1 0 0 0 1 1 1 0 0 0 0 0 0 1 1 1 0 0 1 0 0 1 0 0 0 0 1 0 0 0 1 0 0 0 0 1 1 0 1 1 0 1 0 0 1 0 1 1 0 0 0 0 0 0 1 0 0 1 1 1 1 0 0 0 1 1 0 0 0 1 1 0 1 0 1 1 0 0 1 1 1 0 0 0 1 1 1 1 0 0 1 0 0 0 0 0 0 0 0 1 1 0 0 0 1 0 1 0 1 1 1 0 1 0 0 0 0 1 0 0 0 0 1 1 1 1 0 0 0 1 0 1 1 1 0
0 0 1 0 1 1 0 0 0 1 0 0 1 1 0 0 0 1 0 1 0 0 1 0 0 1 1 1 0 1 1 1 0 1 1 0 0 0 0 0 0 0 0 1 1 0 1 1 0 0 0 0 1 1 0 0 0 1 1 0 0 0 0 1 0 1 0 0 1 0 0 0 0 0 1 0 0 1 1 0 1 0 1 1 1 0 0 1 1 0 0 1 1 1 1 1 1 0 1 0 1 0 0 1 0 1 1 1 1 1 1 1 1 1 1 0 1 1 0 0 1 0 1 0 0 1 1 1 1 1 1 0 1 1 1 1 1 0 0 0 0 0 1 0 0 0 0 0 0 0 0 0 0 0 1 0 0 0 0 0
1 0 0 0 0 0 0 1 1 0 1 0 0 0 1 1 0 0 1 0 0 1 1 1 0 1 0 1 1 1 0 1 0 1 1 0 0 1 0 1 0 0 0 0 1 0 1 0 1 1 0 0 0 0 0 0 0 1 1 1 0 1 0 1 1 1 1 1 1 0 1 0 1 0 1 1 1 1 0 0 0 0 1 1 0 0 0 1 1 1 1 1 1 1 0 0 0 1 0 1 0 1 0 1 0 1 1 0 0 1 1 0 0 1 0 1 1 0 0 0 0 0 1 1 1 1 0 0 1 0 0 0 0 0 1 0 1 0 0 0 1 1 1 1 1 0 0 0 1 0 1 0 0 1 0 0 1 0 1 0
1 1 1 0 1 1 1 0 1 0 0 1 1 0 1 1 0 0 1 1 1 0 0 1 0 0 0 0 1 0 1 1 0 1 0 0 0 1 0 0 0 0 0 0 0 0 1 0 0 1 1 1 0 0 0 0 1 0 0 1 0 1 0 0 0 0 1 1 0 1 0 0 1 0 1 0 0 1 1 0 1 1 1 1 0 1 1 0 0 0 0 0 1 1 1 0 0 0 0 0 0 0 0 0 1 0 0 1 0 0 1 1 1 0 0 1 1 0 1 1 1 0 1 0 1 0 0 0 1 0 1 0 0 1 0 0 0 1 1 1 0 1 0 0 0 1 0 1 1 1 1 1 0 0 1 1 1 0 1 1
1 0 1 1 0 0 1 1 1 1 0 1 0 0 0 0 1 0 1 0 1 1 1 1 0 0 0 1 1 1 0 0 0 1 1 0 1 0 1 0 1 0 1 0 1 1 1 0 0 1 0 0 1 0 1 0 0 1 0 0 0 1 0 1 1 1 1 1 1 1 1 0 1 0 1 0 1 1 0 0 0 1 0 0 0 0 0 0 1 1 0 1 1 1 0 0 0 0 0 1 0 0 0 1 1 1 1 0 0 0 1 1 0 1 1 0 0 0 1 1 0 1 0 1 1 0 1 0 0 0 1 0 0 0 1 1 1 0 1 0 0 0 1 1 1 1 0 1 1 0 0 1 0 1 1 0 0 1 1 1
1 1 1 0 1 1 1 0 0 0 0 1 0 0 1 1 0 1 0 1 1 0 0 0 1 0 0 1 0 0 0 0 1 1 0 1 0 1 1 1 0 1 1 1 1 1 0 0 1 0 0 1 0 0 1 0 0 1 1 0 0 0 0 0 0 1 0 1 0 1 0 1 0 1 0 1 0 0 1 0 0 1 1 0 1 0 0 1 0 0 0 0 1 0 0 1 1 1 0 1 0 0 1 1 0 0 1 0 1 1 1 1 0 1 1 0 0 1 0 1 1 1 1 1 1 0 1 0 0 0 1 0 0 1 0 1 0 1 1 1 1 1 0 1 0 0 0 1 0 0 0 1 0 0 1 1 1 1 1 1
1 0 1 1 1 0 1 0 1 1 0 0 1 1 1 0 1 1 1 1 0 1 1 0 1 0 0 1 1 1 1 0 1 0 1 0 1 0 0 1 1 1 1 1 1 1 1 1 1 1 1 1 1 1 1 1 0 0 0 1 0 0 1 1 0 0 0 0 0 1 0 0 1 1 0 1 0 0 1 0 1 1 0 0 1 0 1 0 1 0 0 1 1 0 1 0 1 1 0 1 1 1 1 0 1 1 1 1 1 1 1 1 0 0 1 1 1 1 1 0 0 0 1 1 0 1 0 1 1 1 0 0 0 0 1 0 0 0 1 0 1 1 0 0 1 0 1 0 1 0 1 1 0 0 0 1 0 1 1 0
0 1 0 0 0 1 1 0 1 1 1 1 0 1 1 1 1 1 1 0 1 1 1 0 1 0 0 0 0 0 0 0 1 1 0 1 0 0 0 0 1 1 0 0 0 0 1 0 0 1 1 0 0 1 0 1 1 0 0 1 0 0 1 0 1 0 1 0 0 0 0 0 0 0 0 0 1 0 1 1 1 0 1 1 0 1 1 0 0 0 1 1 1 0 1 0 1 1 0 0 0 0 0 0 1 0 0 0 1 1 1 1 0 0 0 1 0 0 0 1 0 1 0 1 1 0 0 0 0 0 1 1 0 0 1 1 1 0 1 0 0 0 1 1 0 1 1 0 0 1 0 0 0 1 0 1 0 0 1 0
1 1 0 1 0 0 0 1 1 1 1 1 1 1 0 0 0 0 0 1 0 0 1 1 1 1 1 1 1 1 1 1 0 1 1 1 0 1 1 1 0 0 0 0 1 1 0 0 0 1 1 0 1 0 0 0 1 0 1 0 0 0 0 1 0 0 0 0 0 0 0 1 1 0 1 0 0 1 1 0 1 1 1 1 1 0 0 1 0 1 0 0 1 0 0 0 1 1 0 0 1 0 1 0 0 0 0 0 1 0 1 1 1 0 0 0 1 0 1 1 0 1 0 0 1 1 1 0 0 1 0 1 1 1 0 1 0 1 1 0 0 1 0 0 1 1 1 0 1 1 1 1 0 0 1 0 1 1 1 0
1 1 0 0 1 1 0 0 1 0 1 1 1 0 1 0 0 0 0 0 0 0 1 1 0 0 0 0 0 0 1 0 1 0 0 1 0 1 1 0 1 1 1 1 0 1 1 1 0 0 1 0 0 0 1 0 0 1 1 0 0 1 1 0 1 1 0 1 1 0 1 0 1 0 0 0 0 0 1 0 1 0 1 1 1 1 1 1 0 0 1 0 0 0 0 0 1 0 1 0 1 0 0 1 1 1 1 0 0 1 1 0 1 0 0 0 0 0 1 0 0 1 1 1 0 0 0 1 1 0 0 1 0 1 1 1 0 0 1 1 1 1 0 1 1 0 1 0 0 1 0 1 1 0 0 1 1 0 1 1
1 1 1 0 1 0 0 0 0 0 0 0 0 0 0 1 0 1 0 1 1 0 0 0 1 1 0 1 0 1 0 0 0 1 0 0 1 0 0 0 1 0 0 0 0 1 1 1 1 0 0 1 0 0 1 1 0 1 0 0 1 0 1 0 0 0 0 0 0 0 0 1 0 1 1 1 1 1 0 1 0 1 0 1 1 1 0 0 0 0 0 1 1 0 0 0 0 0 1 1 1 0 0 1 1 1 1 1 1 0 1 0 0 1 1 1 0 0 0 1 0 0 1 1 1 0 0 1 1 0 1 0 1 0 1 0 1 1 1 0 0 1 1 0 0 1 1 1 0 1 0 0 0 1 1 1 0 1 1 1
1 1 0 1 0 0 1 1 0 1 0 0 0 1 1 0 1 0 0 0 1 0 0 1 0 0 0 1 0 1 1 0 1 1 0 0 0 1 0 0 0 1 0 1 1 0 1 1 0 0 1 0 0 1 0 0 0 0 1 1 0 1 0 0 1 0 0 1 1 0 1 1 0 0 0 1 1 0 1 1 0 0 1 0 0 0 0 0 1 0 0 0 0 1 1 0 1 0 1 0 0 1 0 1 0 0 1 1 1 1 0 0 0 1 0 1 1 1 0 0 1 1 0 1 0 1 0 1 1 0 0 1 0 1 1 1 0 1 0 0 1 0 0 0 0 1 0 1 1 0 1 1 0 1 1 1 1 1 1 0
1 0 1 0 0 1 1 1 0 0 1 0 1 0 0 1 1 0 0 1 0 1 1 0 0 0 0 0 0 0 1 0 0 0 1 0 1 1 1 0 1 0 1 1 1 0 0 0 0 0 1 0 1 0 0 1 0 0 1 1 0 1 1 1 0 0 0 1 1 0 0 1 0 0 0 1 0 0 0 0 0 1 1 0 1 0 1 0 0 1 0 1 0 1 1 1 0 0 1 0 1 1 1 1 1 1 0 1 1 1 1 1 0 1 0 0 0 0 0 1 1 0 0 1 1 1 1 0 0 0 1 0 0 0 1 0 1 0 1 0 0 0 0 0 1 1 0 0 0 1 1 1 0 0 1 1 1 1 1 1
0 0 1 1 1 1 0 1 0 0 0 1 1 1 1 0 0 0 0 1 0 0 0 1 1 1 1 0 0 1 0 0 0 1 1 0 1 0 0 0 0 0 1 0 1 1 1 1 0 0 0 0 0 0 1 0 0 1 0 1 1 0 1 1 0 1 1 0 1 0 0 1 0 0 1 1 0 0 1 0 1 0 0 1 1 0 0 1 0 0 1 0 1 0 0 1 1 0 1 1 0 1 0 1 0 1 1 0 0 0 1 0 0 0 1 1 0 0 1 1 0 0 0 1 0 0 0 1 1 0 1 0 0 0 1 1 0 0 1 0 1 0 0 1 1 0 1 1 1 0 0 0 0 1 0 1 1 1 0 0
1 1 0 0 0 0 1 1 1 1 0 0 0 0 0 0 1 0 1 0 0 1 1 0 0 1 0 1 1 0 1 0 0 0 1 1 1 1 1 0 0 0 0 1 1 0 0 1 1 1 1 0 1 1 0 0 0 0 0 0 1 0 0 0 0 1 0 1 0 1 0 1 1 0 0 0 1 0 1 0 0 0 1 0 1 1 1 0 1 0 1 0 1 0 1 1 0 1 0 1 0 0 0 1 0 0 0 1 0 0 1 0 0 0 0 1 1 1 1 1 0 1 0 0 1 1 0 1 0 0 1 0 0 0 1 0 1 0 1 0 0 0 0 0 0 1 0 0 0 0 1 1 0 0 1 0 1 1 0 0
1 0 0 0 0 0 0 0 0 0 0 0 0 1 1 1 0 1 0 0 1 1 0 1 0 1 1 1 1 0 1 0 0 0 1 0 1 0 1 0 0 1 1 1 0 1 0 0 0 1 1 1 1 1 1 1 1 1 0 1 1 1 0 0 1 0 1 0 1 0 0 1 1 1 1 1 1 0 1 0 0 0 1 0 1 0 1 0 0 0 1 1 0 0 0 0 1 0 1 1 1 1 1 1 0 1 1 0 1 0 1 0 0 1 1 0 1 1 0 1 0 0 1 0 0 1 1 0 1 1 0 0 0 1 0 0 0 1 1 0 1 1 1 1 1 0 1 1 0 1 1 1 1 1 0 1 0 0 0 0
1 0 0 1 0 1 0 0 1 1 1 0 0 1 1 0 1 1 0 1 0 0 0 0 1 0 0 0 1 1 0 0 0 0 1 0 0 1 0 0 0 1 1 0 1 0 0 1 0 0 0 0 0 0 1 0 0 1 1 1 1 0 0 1 0 0 0 1 1 0 0 1 0 1 1 0 1 1 1 1 0 1 1 0 0 1 0 1 1 0 0 1 0 0 0 0 1 0 0 0 0 1 0 0 0 1 0 0 1 0 0 1 1 0 1 1 0 1 1 0 1 1 1 1 0 1 0 1 1 1 0 0 1 1 0 1 1 0 1 1 0 0 1 1 1 1 0 0 0 1 0 0 0 1 1 0 1 0 1 0
1 1 1 0 1 1 1 1 1 1 1 1 0 0 1 1 0 0 0 1 1 1 0 0 0 1 0 0 0 0 0 1 1 1 1 0 0 1 1 1 1 1 1 0 1 0 0 1 0 0 0 1 1 0 1 1 1 0 0 0 0 0 1 1 0 0 0 1 0 0 1 0 0 1 1 1 0 1 0 1 0 0 1 0 1 1 0 1 1 1 1 0 1 0 0 0 0 0 0 1 0 0 1 0 0 1 0 1 0 1 0 0 1 0 1 0 0 0 0 1 0 0 1 0 1 1 0 1 1 1 1 1 0 1 0 1 0 0 0 1 1 0 1 0 1 0 1 0 1 1 0 1 0 0 1 1 1 1 0 1
0 0 0 0 0 1 0 1 0 0 0 0 0 1 0 1 1 1 0 0 0 0 1 0 0 1 1 0 1 0 0 1 0 0 1 0 1 0 0 0 1 1 1 0 0 0 1 0 0 1 0 0 0 0 0 0 1 1 0 0 0 0 1 1 0 1 1 1 0 1 1 1 0 1 0 1 0 1 1 1 1 0 1 1 1 0 0 0 1 0 1 0 1 1 1 1 0 0 0 1 1 0 0 1 1 1 0 1 1 1 1 0 1 1 1 1 0 1 1 0 0 1 0 1 0 1 1 0 0 1 0 0 1 0 0 1 1 1 1 0 1 0 1 0 0 1 0 0 1 1 0 0 0 1 1 0 1 1 1 0
1 1 0 1 1 1 1 0 1 0 1 1 1 0 0 1 0 1 0 1 0 1 1 1 0 1 0 0 0 0 1 1 0 0 0 1 1 0 1 0 1 0 0 1 1 1 1 0 1 0 0 1 0 0 0 1 1 1 1 0 1 0 0 1 0 0 0 0 1 1 0 0 0 0 0 1 1 1 1 0 1 1 0 0 0 1 0 1 1 0 0 1 0 1 0 1 0 1 0 0 0 1 0 1 1 1 0 1 0 0 1 1 1 1 1 0 0 0 1 0 0 1 0 0 1 0 1 0 1 1 0 0 0 1 0 1 1 0 1 0 0 1 0 0 0 0 1 0 1 0 1 0 1 0 0 1 0 1 1 1
0 0 1 1 1 1 1 0 1 0 1 1 1 0 0 0 0 1 0 1 1 1 1 0 1 0 1 1 0 0 1 1 1 1 0 0 1 1 1 0 0 1 0 1 1 1 1 0 1 1 0 0 0 0 1 1 0 1 1 1 0 1 1 1 1 1 0 0 0 1 0 0 1 1 0 0 1 1 1 0 1 1 0 1 1 0 1 1 0 0 0 1 0 1 1 0 1 0 0 1 1 1 1 0 1 1 0 1 1 1 0 1 0 1 1 0 1 1 0 0 0 0 0 1 1 0 0 0 0 0 0 0 0 1 0 0 1 1 1 0 0 1 0 0 1 1 1 0 1 0 1 0 0 1 0 0 0 1 0 0
1 0 0 0 1 0 0 1 0 1 0 1 0 0 1 1 0 0 1 0 1 1 1 1 0 0 1 0 0 1 0 0 1 0 0 1 0 1 1 0 0 0 1 0 0 1 0 0 1 1 0 0 0 1 0 0 0 1 0 0 0 0 0 1 0 0 1 1 0 1 1 0 0 0 1 0 1 0 0 1 1 0 0 0 0 0 0 0 0 0 0 1 1 1 0 0 1 1 0 0 0 0 1 1 0 0 1 1 1 0 0 0 1 1 1 0 0 1 0 1 1 0 1 1 0 0 1 1 1 1 0 0 1 1 1 0 1 0 0 1 1 0 0 1 1 0 0 0 0 1 1 0 1 1 1 0 0 0 1 1
1 0 1 1 1 1 1 0 1 1 1 1 0 0 1 0 0 1 1 0 0 1 0 1 0 1 1 0 0 1 0 0 0 0 1 1 0 0 0 0 0 1 0 1 1 0 1 0 1 1 1 0 1 0 1 1 0 0 1 1 0 1 1 0 0 0 1 0 0 1 1 0 0 0 1 0 0 0 1 1 0 0 0 0 0 0 1 0 0 0 0 0 0 0 0 0 0 0 0 0 0 1 0 1 1 0 0 1 0 1 0 1 0 0 0 0 1 0 1 0 0 0 1 1 1 1 1 1 1 0 0 1 0 1 1 0 0 0 1 0 1 0 0 1 0 0 0 0 0 1 1 0 0 0 0 1 0 0 0 1
0 1 0 1 0 0 1 1 0 0 1 1 0 0 0 0 0 1 0 1 0 0 0 0 1 0 1 0 0 1 1 0 1 0 1 1 1 0 0 1 0 1 1 0 0 0 0 0 0 1 1 1 1 0 0 0 1 1 1 0 1 1 1 0 1 0 1 0 0 1 1 0 0 1 0 0 1 0 0 0 1 0 1 0 0 0 0 0 1 1 0 1 0 0 0 0 1 0 0 0 0 0 0 0 0 1 1 0 0 0 0 0 0 1 1 1 1 1 1 1 0 1 0 0 0 0 0 0 1 0 0 0 1 1 0 0 1 1 1 1 1 1 0 1 0 1 1 0 1 1 1 1 0 1 0 0 0 0 0 0
1 0 0 1 0 0 1 0 0 1 0 0 1 1 1 1 0 1 1 0 1 0 1 1 0 1 0 0 0 0 1 1 0 1 1 1 1 1 0 0 1 0 0 0 1 1 0 1 0 1 1 1 1 1 0 0 1 1 1 0 1 0 1 0 1 1 1 1 1 1 0 1 1 1 0 0 0 1 0 1 0 1 0 0 1 1 1 0 1 0 0 1 0 1 1 0 1 0 1 1 1 0 1 0 1 1 0 1 0 1 0 1 0 1 0 1 0 1 1 1 1 1 0 1 0 0 0 0 0 0 1 1 1 0 1 1 0 1 1 1 1 1 0 1 1 0 0 0 0 0 1 1 0 0 0 1 1 0 0 0
1 1 0 0 1 0 0 0 0 1 0 0 1 1 1 1 1 0 1 1 0 0 1 0 1 1 1 0 1 0 0 1 0 1 0 0 1 1 0 1 0 1 1 0 1 1 0 0 0 0 1 1 0 0 0 0 0 1 1 1 1 0 0 0 0 0 0 0 1 1 1 0 1 0 1 1 0 1 1 0 0 0 0 1 0 1 1 0 0 0 0 1 0 0 1 1 1 1 1 0 1 1 1 0 1 1 1 1 1 0 1 0 1 1 1 0 1 0 1 0 1 0 1 1 1 1 0 0 1 0 0 1 0 0 0 1 1 0 1 1 0 0 0 0 0 0 1 1 1 1 1 0 1 0 0 0 0 0 0 1
0 1 0 0 0 0 0 1 0 1 0 1 1 0 0 0 0 0 1 1 0 0 0 1 1 1 1 0 0 0 0 0 1 0 1 0 0 0 1 1 1 1 1 1 0 0 0 0 0 1 1 1 0 1 0 0 0 1 1 1 0 0 0 1 1 0 1 0 1 1 0 0 0 0 0 1 0 1 0 0 0 0 0 1 1 1 1 1 0 1 0 0 0 0 1 1 0 0 1 1 0 1 0 0 0 1 0 0 1 1 0 0 0 1 0 1 1 0 0 0 1 0 1 1 0 1 1 0 0 1 0 1 1 0 0 1 0 1 0 0 0 1 1 1 0 0 1 0 1 1 0 0 1 1 0 1 0 1 1 0
1 0 0 1 1 1 1 1 1 1 1 0 1 0 0 1 1 0 0 0 1 0 0 1 0 0 1 1 1 0 1 0 0 1 0 0 0 0 0 1 0 1 0 0 1 0 1 0 1 0 1 1 0 1 0 1 1 0 0 0 1 1 1 1 0 0 0 1 0 0 1 0 1 0 0 1 0 0 1 0 0 0 0 0 1 0 1 1 0 1 0 0 1 1 0 0 1 1 1 1 1 0 0 1 1 0 0 1 0 0 1 0 1 1 0 1 0 0 1 0 0 0 0 1 0 0 0 0 0 0 1 0 1 1 0 1 1 0 0 0 0 0 0 1 0 0 1 1 0 1 0 0 0 1 0 1 1 0 0 1
0 0 0 1 1 1 1 0 1 1 1 1 1 1 0 1 0 0 0 1 1 0 1 1 0 1 0 1 0 1 0 0 1 1 0 1 1 1 1 1 0 0 0 1 0 0 1 1 1 0 0 1 1 0 1 1 1 0 1 0 1 0 0 0 0 0 0 0 0 0 1 0 1 1 1 1 0 0 0 0 1 1 0 0 1 1 0 1 0 0 0 1 0 0 1 0 1 1 0 1 1 1 0 0 0 0 1 0 0 1 1 0 0 1 0 0 1 0 0 0 1 0 1 1 0 0 0 1 1 1 0 1 0 1 0 0 0 1 1 1 1 1 1 0 1 1 0 0 1 1 1 1 1 1 1 1 1 0 1 0
1 1 0 0 1 0 1 0 1 0 1 1 1 1 0 0 1 0 1 1 0 0 1 1 0 1 1 0 1 1 0 1 1 0 0 0 1 1 1 0 0 0 1 1 0 0 0 0 1 0 1 1 1 1 1 1 1 1 1 1 0 0 1 0 0 1 0 0 0 1 1 0 1 0 0 1 1 1 0 0 1 1 0 0 1 0 0 1 1 1 1 1 0 0 1 1 0 0 0 0 0 1 1 1 0 0 0 1 1 0 1 0 0 0 1 1 1 1 0 0 0 0 1 1 1 0 0 0 1 1 1 1 1 0 0 0 0 1 1 1 0 0 0 0 1 1 0 1 0 0 1 1 1 0 0 0 0 0 0 1
0 0 1 0 1 0 1 1 0 1 0 0 0 1 0 1 0 0 1 0 1 1 1 0 1 1 0 1 0 0 1 1 0 0 1 1 0 1 0 0 0 0 1 1 1 1 0 0 0 0 1 0 1 1 1 1 0 1 1 1 0 0 0 1 0 1 1 0 0 1 1 0 0 0 0 1 1 1 1 1 0 1 1 0 0 1 0 0 1 0 0 0 0 1 1 1 0 1 0 0 0 1 0 1 1 0 1 1 1 0 0 0 1 0 0 0 1 1 0 0 0 1 1 1 1 1 1 0 0 0 0 0 1 1 0 1 1 0 0 0 1 1 1 1 1 1 1 0 0 0 1 0 1 1 0 0 1 0 1 1
1 0 1 0 1 0 0 0 1 1 1 0 0 0 1 1 1 0 1 0 1 1 1 1 0 1 1 0 1 1 1 1 1 1 0 0 1 1 1 0 0 1 1 0 0 0 1 1 1 1 1 1 0 0 0 1 1 0 1 0 0 0 0 0 1 1 0 1 1 1 0 1 0 0 1 1 1 0 1 0 1 1 1 0 1 0 1 0 1 1 1 1 0 1 1 1 1 0 0 1 0 0 1 0 1 0 1 0 0 0 1 1 0 1 0 1 0 0 1 1 0 0 0 0 1 1 1 1 1 1 1 1 0 0 1 1 1 1 0 1 0 0 1 1 1 1 1 1 0 0 0 1 0 1 1 1 0 1 1 1
0 1 0 0 0 0 1 0 1 1 1 0 0 0 0 1 1 0 0 0 0 0 0 0 0 0 1 1 0 0 1 0 0 0 0 1 0 0 1 1 1 1 1 1 1 0 1 0 0 0 0 0 1 0 0 0 0 0 1 1 1 1 1 1 1 0 1 1 1 0 1 0 0 1 1 0 0 1 0 1 0 1 1 0 0 0 0 1 0 0 0 1 0 0 0 0 0 1 1 0 0 1 0 1 1 0 0 1 1 1 0 1 0 0 1 0 0 1 0 1 0 0 1 1 1 1 1 1 0 1 1 1 1 0 1 1 1 1 1 0 0 0 0 0 0 1 0 1 0 0 1 0 1 1 1 1 1 1 0 0
1 1 1 0 0 0 0 1 0 0 1 1 1 1 0 1 1 1 0 0 1 0 0 0 1 0 1 0 1 1 0 0 0 1 1 1 1 0 0 0 0 0 0 0 0 0 1 1 1 0 0 1 1 1 0 1 0 0 0 1 1 1 1 0 1 1 1 0 0 0 0 1 0 0 1 1 0 0 0 1 0 0 1 0 0 1 1 0 1 1 0 1 1 1 1 1 1 0 0 0 0 1 1 1 0 0 1 0 1 1 0 0 0 0 1 0 0 1 0 1 0 1 0 1 0 1 1 1 1 1 1 0 0 0 1 1 1 0 1 1 1 0 0 0 0 0 1 1 1 1 0 1 0 0 1 1 0 0 0 1
0 0 1 1 1 0 0 0 1 1 1 0 1 0 1 1 0 1 1 1 0 0 0 0 1 1 1 1 1 1 1 1 1 0 0 0 1 1 1 0 0 0 0 1 1 1 1 1 0 0 1 0 0 0 0 0 1 0 1 1 1 0 0 1 0 1 1 1 1 1 0 0 0 1 0 1 1 1 0 1 0 1 0 0 0 0 1 1 0 0 1 1 1 0 1 1 0 1 0 0 0 0 0 0 1 0 1 0 0 0 0 0 1 1 1 1 1 0 0 0 0 0 1 0 0 1 0 0 0 0 0 0 1 0 0 1 1 0 0 1 0 1 0 1 1 1 0 1 0 1 1 1 1 1 1 1 0 0 0 0
1 0 1 1 0 1 1 1 1 1 0 0 1 0 0 1 0 0 0 1 0 1 0 0 1 0 0 0 1 1 0 0 0 1 1 0 1 0 0 1 1 1 1 0 1 0 1 1 1 1 0 0 1 1 0 1 1 1 1 1 0 0 0 1 0 0 1 1 0 1 1 1 1 1 1 0 0 0 0 1 1 0 1 1 1 0 1 0 0 0 0 0 1 0 1 1 0 0 1 0 0 0 0 0 1 0 0 1 0 0 0 0 1 0 1 0 1 0 1 0 0 1 0 0 0 1 0 0 0 1 1 0 0 0 1 0 0 1 0 1 0 0 1 0 0 1 0 0 1 0 1 0 1 1 1 0 0 1 1 1
0 0 0 0 0 0 1 0 1 0 1 0 1 1 1 1 0 1 0 0 0 1 1 0 1 0 1 1 0 1 0 1 0 0 1 0 1 1 1 1 0 0 0 0 0 1 1 0 1 1 0 1 0 0 1 0 0 0 0 1 1 0 1 0 1 0 1 1 1 1 0 0 0 0 0 0 1 1 1 1 1 0 0 0 1 1 0 1 1 1 0 1 0 1 1 0 0 0 0 1 1 0 0 1 1 1 0 1 0 0 0 1 0 0 0 1 1 1 1 1 0 0 1 0 1 1 0 0 0 0 0 1 0 0 0 0 1 1 0 1 1 0 1 0 0 0 0 0 1 1 1 1 1 1 0 1 0 0 1 1
1 1 1 1 0 0 0 0 1 1 1 0 1 0 0 0 0 1 0 0 1 1 1 1 1 1 0 0 1 0 1 0 0 1 0 0 1 0 1 1 1 1 1 0 1 0 1 1 0 0 0 1 1 1 0 0 1 1 1 1 0 1 0 1 0 1 0 0 0 0 1 1 1 0 1 0 0 1 1 0 1 1 0 0 1 0 0 1 0 1 1 0 1 0 1 0 0 0 0 1 0 0 0 0 1 1 0 0 1 0 1 1 1 0 1 0 0 0 0 1 0 0 0 0 1 1 1 1 1 0 1 1 0 0 1 1 1 0 0 1 1 1 1 1 0 0 1 0 0 1 0 1 0 0 1 0 0 0 1 0
0 0 0 0 1 0 0 0 0 1 0 0 0 0 0 1 1 0 1 0 0 0 1 1 0 0 0 1 1 0 1 0 1 0 0 1 0 0 1 1 1 1 1 0 0 0 0 1 1 1 1 0 1 1 0 0 1 0 0 0 0 0 1 0 0 1 0 0 0 0 1 0 1 1 0 0 0 1 1 0 0 1 0 1 1 0 1 1 0 1 0 0 0 0 0 1 0 0 1 1 0 0 1 1 0 1 1 1 0 0 1 0 1 1 1 1 1 0 0 0 1 0 0 0 1 1 1 1 1 0 1 0 0 0 1 1 0 0 0 0 0 0 1 0 1 1 1 0 1 1 1 0 1 0 1 0 1 0 1 0
0 0 0 1 1 0 1 0 0 1 1 0 1 0 1 1 1 1 0 1 0 1 1 0 1 1 0 0 1 1 1 1 1 0 0 1 1 0 1 0 0 1 1 0 1 0 1 1 0 0 1 0 0 0 0 1 1 0 1 1 0 1 0 1 1 0 1 1 0 0 0 0 1 0 1 1 0 1 0 1 1 0 0 1 0 1 1 0 0 0 1 0 0 0 0 0 1 1 1 0 0 1 1 1 1 1 0 0 0 0 1 1 1 0 1 0 1 0 0 1 0 0 0 1 0 1 0 1 1 1 1 1 0 1 1 0 0 0 0 0 0 0 1 0 1 0 0 1 0 0 0 1 0 1 1 0 0 1 0 1
1 1 0 1 0 1 1 0 0 1 1 0 0 1 0 1 1 1 0 0 0 1 0 1 1 0 1 1 0 1 0 1 0 1 1 1 1 1 1 0 1 1 0 0 1 0 1 0 1 1 0 0 0 1 1 1 0 1 0 1 0 1 1 0 1 0 1 1 1 1 0 1 1 0 0 0 0 1 0 1 1 1 1 1 0 1 1 0 1 0 1 1 1 1 0 0 1 0 0 1 0 0 1 1 1 1 0 1 0 1 1 0 0 1 1 1 0 1 0 0 1 1 0 0 1 0 0 1 1 1 0 0 0 1 0 1 1 0 1 1 0 1 0 1 1 0 0 0 0 1 0 0 1 0 1 0 0 0 1 0
0 1 0 0 0 0 0 0 0 1 0 1 0 1 1 1 1 0 0 0 0 0 1 1 1 0 1 0 0 1 1 1 1 1 1 1 1 1 1 0 1 1 0 0 0 1 0 1 1 0 1 1 0 1 0 0 0 1 1 1 1 1 0 0 0 0 0 0 1 1 0 0 1 0 0 0 1 0 1 0 1 1 1 0 0 1 1 0 0 1 1 1 0 0 1 0 1 1 0 1 1 1 0 0 0 1 0 1 1 1 1 1 1 1 1 1 1 1 1 0 0 1 1 0 0 1 1 1 0 0 1 0 1 1 0 0 1 0 0 1 1 0 1 1 1 0 0 0 0 0 0 0 1 0 0 1 1 1 1 1
1 0 1 1 1 0 0 1 1 1 0 1 0 0 1 0 0 1 0 0 1 1 0 1 0 1 0 1 1 0 0 0 0 1 0 0 0 1 1 0 1 0 0 1 1 1 1 0 0 0 0 0 1 0 1 0 0 1 1 1 0 1 1 0 0 1 0 0 0 0 0 0 1 1 1 1 0 0 1 1 1 0 0 0 1 0 0 1 0 1 0 0 1 0 1 0 0 1 1 0 1 1 1 1 1 0 1 1 1 0 0 0 0 0 1 0 1 1 1 0 0 0 1 0 0 0 1 0 1 1 1 0 1 0 0 1 1 0 1 1 0 1 1 1 0 1 0 0 1 0 0 1 1 1 0 1 0 0 1 0
1 0 0 1 1 1 1 0 1 1 0 1 1 0 1 1 0 0 1 0 1 0 0 1 1 1 0 0 0 1 0 0 0 0 1 1 1 0 1 1 1 1 1 1 0 1 0 0 0 1 1 0 0 1 0 1 0 0 1 1 0 1 1 0 1 0 0 0 1 1 1 1 1 0 0 1 1 0 0 0 1 1 1 1 1 0 0 1 0 0 0 0 1 1 1 1 0 0 1 1 1 0 0 0 0 1 0 1 1 0 0 1 1 0 1 0 1 0 1 1 0 1 1 0 1 1 0 1 0 0 0 0 0 0 1 0 1 0 0 1 1 1 1 0 0 0 1 1 0 1 1 1 1 0 1 1 1 1 0 0
0 1 0 1 1 1 1 0 1 0 0 1 1 1 0 1 0 1 0 0 0 0 1 0 0 1 1 0 1 0 1 0 0 0 0 0 0 1 1 1 0 1 1 0 0 1 1 1 1 0 0 0 0 0 0 0 1 1 0 0 1 1 1 1 1 1 0 1 0 0 0 0 0 1 1 1 1 1 0 0 0 0 0 1 0 1 0 0 1 1 1 0 1 0 0 1 1 1 0 0 1 0 0 0 1 0 0 1 0 1 0 1 1 1 1 0 1 0 0 0 1 0 0 1 0 1 1 0 1 1 0 1 1 0 1 0 0 1 0 1 0 1 1 0 0 1 1 0 1 0 1 1 1 0 1 0 1 1 1 0
1 1 1 1 0 0 0 0 1 0 1 0 1 1 0 0 0 1 0 0 1 1 0 1 0 0 1 1 1 0 0 1 0 0 0 1 1 1 1 0 0 1 0 1 1 0 1 1 0 1 0 1 0 0 0 0 1 1 1 1 0 1 0 0 0 1 1 0 1 1 1 1 1 0 1 0 0 0 0 1 1 0 0 1 1 0 0 1 0 0 0 0 0 1 1 1 0 0 1 0 0 1 0 1 0 0 1 0 1 0 0 1 0 0 0 1 1 1 1 1 0 0 1 1 1 0 0 0 0 0 0 0 0 0 1 1 1 0 1 0 0 0 1 0 1 0 0 0 0 0 1 1 0 0 1 1 0 1 0 1
1 1 1 1 0 1 1 1 0 1 0 1 0 0 1 0 0 0 1 1 1 0 1 0 0 1 1 0 1 0 0 1 1 1 0 0 1 0 1 1 1 1 0 1 1 1 0 1 0 1 0 0 0 0 0 0 0 0 0 1 1 1 0 0 1 0 1 0 0 0 1 0 1 0 0 1 1 0 0 1 0 0 0 0 0 1 0 0 0 0 0 1 0 1 0 1 1 0 0 0 0 1 1 1 1 1 1 1 1 0 0 0 1 0 1 0 0 0 1 1 1 1 1 1 0 0 1 0 0 1 1 0 1 0 0 0 0 0 1 1 1 1 1 0 0 0 0 1 1 0 1 1 0 1 1 0 0 1 1 1
0 0 0 1 1 0 1 0 0 0 1 1 0 0 0 1 1 1 0 0 0 0 1 0 0 1 0 1 0 1 1 1 1 1 0 0 1 1 1 0 0 0 1 1 1 1 1 0 1 0 1 0 1 1 1 1 0 0 1 0 1 0 1 1 1 0 0 1 1 1 0 0 0 0 0 0 1 0 0 1 0 0 1 0 1 0 0 0 0 0 1 0 1 0 1 1 1 1 0 0 0 0 0 1 1 0 1 1 0 1 0 1 1 0 1 0 1 0 0 1 0 1 0 1 0 1 1 0 1 1 1 0 1 0 1 0 0 0 1 0 1 0 1 0 0 1 1 0 1 0 0 0 1 0 1 0 1 1 0 1
1 0 0 0 0 0 1 0 1 1 1 1 1 1 1 0 1 1 0 1 1 0 1 1 1 1 0 0 0 1 1 1 0 0 1 0 0 0 1 0 0 1 0 1 0 0 1 1 0 0 0 1 1 0 1 1 0 0 0 1 0 1 1 1 0 1 1 1 1 0 1 1 1 1 0 1 0 0 0 0 0 0 1 0 0 0 0 1 0 1 1 0 1 1 1 1 0 0 0 0 1 1 0 1 0 1 0 1 1 0 1 1 0 1 0 0 0 0 0 1 1 1 1 0 0 1 0 0 0 1 0 1 0 0 0 0 1 1 0 1 0 0 1 1 0 1 1 1 0 1 0 0 1 1 0 0 0 1 0 0
1 0 0 0 0 0 0 0 0 0 0 1 1 0 1 0 1 0 0 1 1 1 0 0 1 0 1 0 0 0 0 1 1 1 0 0 0 0 0 1 0 0 0 0 1 0 0 1 1 0 1 1 1 0 0 1 1 1 0 0 1 0 0 0 0 0 1 0 1 1 0 1 0 1 0 1 1 0 0 0 0 1 1 1 0 1 1 1 1 1 0 0 0 0 0 0 1 1 0 0 0 0 0 0 0 1 0 1 0 0 1 0 0 0 1 1 1 1 0 1 0 1 0 1 0 0 1 1 0 0 1 1 0 1 0 1 0 0 1 1 0 0 0 1 1 1 1 1 0 0 1 1 1 1 0 1 0 0 0 0
1 1 0 1 0 0 1 1 1 0 1 0 0 1 0 0 0 1 0 1 0 0 0 0 0 0 1 0 1 1 1 1 1 0 1 1 0 1 0 1 1 1 0 1 0 0 1 0 0 0 1 1 0 0 0 0 0 1 0 0 1 1 0 1 0 1 1 0 1 0 1 0 1 0 1 1 1 1 0 1 0 1 1 1 0 0 1 0 0 1 1 0 1 0 0 1 1 1 0 1 1 1 0 0 0 1 0 0 1 0 1 1 0 0 0 0 0 0 0 1 0 1 1 0 0 0 0 0 0 0 1 1 1 1 0 0 0 1 1 0 0 0 1 0 1 1 0 1 0 0 1 0 1 0 1 0 0 1 0 0
1 0 1 1 1 0 1 1 0 0 1 1 0 1 0 1 0 0 0 0 1 0 0 0 0 0 1 1 0 0 0 1 1 1 0 1 1 1 1 1 0 0 0 0 0 1 0 1 1 1 1 0 0 1 0 0 0 0 0 1 1 0 0 0 1 0 0 0 0 1 0 0 1 0 1 0 1 1 0 1 1 0 0 0 1 0 1 0 0 1 1 1 1 1 0 1 0 1 1 0 1 1 1 0 0 0 1 1 0 0 0 0 1 1 0 1 0 0 1 1 0 1 0 1 0 1 1 1 1 1 1 0 1 0 0 1 0 1 1 1 0 1 0 0 0 0 0 1 0 0 0 0 0 0 0 1 0 0 0 1
0 1 0 1 0 1 1 0 0 1 1 1 1 0 0 1 0 1 0 1 1 0 1 1 1 1 1 0 1 1 1 0 0 0 0 1 1 0 1 0 1 0 0 0 0 1 1 1 1 1 1 1 0 0 0 1 0 1 0 1 1 0 0 1 0 0 0 1 0 0 1 0 0 0 0 1 1 1 1 0 0 0 1 0 1 1 1 1 0 1 0 1 0 1 0 1 1 0 0 0 1 1 0 1 0 1 0 0 1 1 0 1 1 0 0 1 0 1 0 0 1 1 1 0 0 0 0 1 1 0 1 1 0 0 0 0 0 0 1 0 0 1 0 0 0 1 1 1 0 1 0 1 0 1 1 1 1 1 0 0
0 0 0 0 1 0 0 1 0 0 1 1 0 1 0 1 0 0 1 0 0 0 0 1 0 0 0 1 1 0 0 1 1 0 0 1 1 0 0 1 0 0 0 0 0 1 0 1 1 1 0 0 1 0 1 1 0 1 1 0 1 1 0 1 1 1 0 0 1 0 1 1 0 0 1 1 0 0 1 1 1 1 0 0 0 1 0 1 0 0 1 0 1 0 0 1 1 0 1 0 0 1 0 0 1 1 1 0 1 1 0 1 0 1 1 0 0 1 1 1 0 1 0 1 1 1 0 0 0 1 1 1 0 0 0 0 1 1 0 0 0 0 0 0 1 0 1 0 1 1 1 0 0 0 0 0 1 0 0 0
1 1 1 1 0 1 1 1 1 1 1 0 1 1 1 0 1 0 0 0 1 0 0 0 0 1 1 0 1 1 0 1 1 1 1 0 1 0 0 1 1 1 0 1 1 1 0 1 0 0 1 1 0 0 0 1 1 1 0 0 0 1 0 0 1 0 0 1 1 1 1 1 0 0 1 1 0 1 0 1 0 0 1 0 0 1 0 1 0 1 0 1 1 1 0 0 0 1 0 0 0 0 1 0 0 1 0 1 0 0 0 1 1 1 0 0 0 1 1 0 1 0 0 0 1 1 0 1 1 1 0 1 1 0 1 1 0 1 1 0 0 0 0 1 1 0 1 1 0 0 1 1 0 1 0 1 1 1 1 1
0 1 1 0 0 0 0 0 0 0 1 0 0 0 1 1 0 1 1 0 1 0 0 1 1 1 0 1 1 1 0 1 0 0 1 0 0 1 0 0 1 0 1 0 1 0 0 0 1 1 1 1 1 0 0 0 0 0 0 0 0 1 0 1 0 0 0 1 0 0 0 0 0 0 0 0 1 1 1 1 1 1 1 1 0 0 1 0 1 1 0 1 0 1 0 0 1 0 0 0 1 1 0 1 1 0 1 0 0 0 1 1 1 1 0 1 1 0 1 1 0 1 0 1 1 0 1 1 1 0 1 1 1 0 1 0 1 1 1 0 0 0 1 0 0 0 0 0 1 1 0 0 0 0 1 1 0 1 0 1
0 1 1 0 1 0 0 0 1 1 0 0 1 0 1 0 1 1 1 1 1 1 0 1 1 1 1 1 1 0 1 0 0 0 1 0 1 0 0 0 1 0 1 1 1 1 1 0 0 0 1 0 0 1 1 0 1 0 1 1 1 1 0 1 1 0 1 0 0 1 1 0 0 0 1 1 1 1 0 0 1 0 0 1 1 0 0 1 0 1 1 1 1 1 1 1 1 1 1 0 1 1 0 1 1 1 0 0 0 1 0 1 1 1 1 0 0 0 0 0 0 0 1 1 1 0 0 1 0 0 0 0 1 0 1 0 0 0 0 0 1 0 0 0 1 0 0 0 1 0 1 1 0 0 1 1 1 0 0 1
1 1 1 0 1 1 1 0 0 1 0 0 0 1 1 0 1 1 1 0 0 0 1 0 0 1 1 0 0 0 0 0 0 0 1 1 1 1 0 0 1 0 1 0 1 1 0 1 0 0 0 1 1 1 0 1 0 1 1 0 0 1 1 1 1 1 0 0 0 0 1 0 0 0 0 0 0 0 0 1 1 0 0 1 1 1 0 0 1 1 0 1 0 0 0 0 0 1 0 1 0 1 0 1 1 1 1 0 0 1 0 0 1 1 1 0 1 1 1 1 0 1 0 1 1 1 1 1 1 1 0 0 0 1 0 1 1 0 0 0 1 0 1 0 1 1 1 1 0 1 0 0 0 0 0 0 1 1 1 0
0 0 0 1 1 1 0 0 1 0 1 1 1 0 1 1 0 0 1 0 0 1 0 0 0 0 0 0 0 0 0 1 0 0 1 1 1 1 0 1 0 0 0 0 0 1 1 1 0 0 0 1 1 0 0 1 1 1 1 0 1 1 1 0 1 0 1 1 0 0 0 0 0 0 0 0 1 0 1 0 0 1 0 1 0 1 1 1 1 1 0 0 0 0 0 0 1 0 0 1 0 1 1 0 0 0 0 0 1 1 0 1 0 0 0 1 1 0 0 1 1 1 1 0 1 1 1 1 0 1 0 0 1 0 1 0 1 0 1 1 0 1 0 0 1 1 1 1 0 0 0 1 0 1 0 1 1 1 0 0
1 0 0 1 0 0 0 0 1 0 0 1 1 0 1 1 0 1 0 1 1 0 1 0 1 1 1 1 0 1 1 0 1 1 0 0 1 0 0 0 1 1 0 1 0 1 0 1 0 1 0 1 1 0 1 0 1 0 0 0 1 1 1 1 0 0 0 1 0 1 0 0 0 0 1 0 1 0 0 1 0 0 0 1 0 1 0 1 1 1 0 0 1 0 1 1 0 0 0 0 1 1 0 1 0 1 1 0 1 1 1 1 1 0 1 1 0 1 0 0 1 1 0 1 0 0 1 1 0 0 0 1 0 1 1 0 1 0 1 1 0 1 0 0 1 1 1 0 0 1 1 0 1 0 1 1 1 0 1 1
0 1 1 0 0 0 1 1 1 1 0 0 1 1 0 1 0 0 1 1 0 0 1 0 0 1 1 1 0 0 0 1 0 1 1 1 0 0 0 1 1 1 1 0 0 0 1 0 0 1 0 0 1 1 0 1 1 1 0 1 0 0 0 1 0 1 0 0 1 0 1 0 1 0 0 1 1 0 1 0 0 0 0 0 1 1 1 0 1 0 1 1 0 0 1 0 1 0 0 0 1 1 1 1 0 0 1 0 0 0 1 1 1 1 0 0 1 1 0 0 0 0 1 0 1 1 0 1 1 1 1 1 1 0 0 1 1 0 0 0 1 0 0 1 1 0 1 1 1 0 1 0 0 1 1 1 1 1 0 1
1 1 0 0 0 0 0 0 1 0 1 1 1 0 0 1 1 0 1 0 1 0 1 1 0 0 1 0 1 1 0 0 0 1 1 1 0 0 0 1 0 0 1 1 1 0 0 0 1 1 1 0 1 0 0 0 0 1 0 0 0 0 0 0 1 1 0 1 1 0 0 0 0 0 1 0 1 0 1 1 0 0 1 1 1 1 1 0 0 0 0 0 0 1 0 0 1 1 0 0 1 1 1 1 0 0 0 1 1 0 0 0 0 0 0 0 0 0 0 1 1 1 1 0 0 0 1 0 1 0 0 0 0 1 1 0 0 0 0 1 0 1 1 0 0 0 1 1 1 0 0 0 0 0 0 0 0 0 1 1
0 1 0 0 1 0 1 1 1 0 0 1 1 1 1 0 1 0 1 1 0 0 0 1 0 1 1 1 0 0 1 0 0 1 1 0 1 0 1 1 0 1 0 0 0 0 1 1 1 0 0 1 0 1 0 1 1 1 0 0 0 1 0 1 0 0 1 1 1 1 1 1 0 0 1 1 0 1 1 1 0 0 1 0 0 1 0 1 1 1 0 0 1 0 1 0 0 1 1 1 0 1 0 0 0 0 0 0 0 0 0 0 0 0 0 1 0 1 1 1 1 0 1 0 0 0 0 1 0 0 0 0 1 0 1 1 0 0 0 1 1 0 1 1 0 0 0 1 0 1 0 0 1 1 0 0 0 0 0 0
1 0 0 1 1 1 0 1 1 0 0 0 0 1 1 0 1 0 0 0 1 1 0 0 1 1 1 1 1 1 1 0 0 1 0 0 1 0 0 1 1 0 1 0 0 1 0 1 0 0 1 0 1 0 0 0 1 1 1 1 0 0 1 1 0 1 0 0 0 1 0 1 0 1 0 0 1 0 0 0 0 0 1 0 0 0 1 1 0 1 1 0 1 1 0 1 0 1 0 1 0 0 0 0 0 0 1 1 0 1 1 0 0 0 1 1 0 0 0 0 1 0 1 0 1 1 1 1 1 1 1 0 0 1 0 0 0 1 1 1 1 0 0 1 1 0 0 0 0 1 1 0 1 1 1 0 1 0 1 0
1 1 0 0 1 1 0 0 0 0 1 0 1 1 0 1 0 0 0 0 1 0 0 0 0 1 1 1 1 0 0 0 1 1 0 0 0 1 1 0 1 0 0 0 0 1 0 1 0 1 0 0 1 0 1 1 0 0 0 1 0 1 1 0 1 0 1 0 0 0 1 0 0 1 0 1 0 0 1 1 0 1 1 0 1 0 1 1 0 1 1 1 1 1 0 0 1 1 0 0 1 0 0 1 0 0 1 0 0 0 0 1 0 0 1 0 1 1 0 0 0 0 1 1 1 1 0 1 0 0 1 1 1 1 0 1 0 1 1 1 1 1 1 0 0 1 1 0 0 1 1 0 1 0 1 1 0 0 0 0
1 0 1 1 1 1 0 0 0 0 1 0 1 0 1 1 1 1 1 1 0 0 1 0 1 1 0 0 0 1 0 0 0 1 1 0 1 0 1 1 0 1 0 0 0 1 0 0 1 0 0 1 1 0 0 1 0 1 1 1 0 1 1 1 0 0 0 1 0 1 0 1 1 1 1 1 0 0 1 1 1 0 1 1 1 0 0 1 1 1 0 0 1 1 0 0 0 1 0 1 1 1 1 1 1 1 1 0 0 1 0 1 1 0 0 1 0 1 0 0 0 0 0 1 0 1 0 1 0 1 1 0 0 0 1 0 1 1 0 1 1 1 0 1 1 1 1 0 1 0 1 0 1 0 1 1 1 1 0 0
1 1 0 0 0 1 1 0 0 1 1 1 0 1 1 0 1 1 1 1 1 1 0 1 0 0 1 1 0 0 1 0 0 1 0 1 0 1 0 1 0 0 0 0 1 1 0 1 1 1 0 1 1 0 1 0 1 0 0 1 0 0 1 1 0 1 0 1 1 0 1 1 0 1 0 0 0 1 0 0 0 0 0 0 0 0 0 1 1 1 1 0 1 1 0 0 1 1 0 1 1 0 1 0 1 1 0 1 1 1 0 1 1 1 0 0 1 1 1 1 0 1 0 0 1 0 1 0 0 0 0 0 1 1 0 0 0 0 0 1 0 0 0 1 1 1 1 0 1 0 1 0 1 1 0 1 0 0 0 1
1 1 0 0 0 1 1 1 1 1 0 0 1 0 1 1 1 0 1 1 1 0 1 0 0 1 1 0 0 0 0 0 0 0 0 0 1 0 0 0 1 0 0 1 1 1 1 1 0 0 0 1 0 0 1 1 1 0 0 1 1 1 1 0 0 0 1 1 1 0 0 0 0 0 1 0 0 1 1 0 0 0 1 0 1 1 1 0 0 0 0 0 0 1 0 0 0 1 1 1 1 1 1 0 0 0 1 1 1 1 1 1 0 0 0 1 0 0 0 0 0 0 1 0 0 1 1 0 0 0 0 1 1 1 0 0 0 0 1 0 1 0 1 0 1 0 1 1 1 0 1 0 0 0 0 0 1 0 1 1
0 0 0 0 0 1 1 0 0 0 1 0 0 1 0 1 1 0 0 0 1 1 1 1 1 1 0 0 0 0 1 1 0 0 0 1 0 0 0 1 1 0 0 1 0 0 0 1 0 1 1 1 1 1 0 0 0 1 0 0 0 0 1 1 0 0 1 0 0 0 1 0 0 0 0 0 1 1 1 0 1 0 1 0 0 1 1 1 0 1 0 1 1 1 1 0 1 0 0 1 1 0 0 0 1 0 1 1 1 1 0 1 1 0 1 1 0 1 1 0 1 1 0 1 0 1 1 0 0 0 1 0 1 0 0 1 0 1 0 0 0 1 0 0 1 1 0 0 0 1 1 0 0 1 1 0 0 0 0 1
1 0 0 1 0 1 1 0 0 0 0 0 0 0 0 0 1 0 1 0 0 1 0 0 1 0 0 1 1 1 0 1 0 1 1 0 1 1 1 0 1 1 0 1 0 0 0 1 1 0 1 0 0 0 0 1 1 1 0 0 0 1 0 0 1 0 0 1 1 1 1 0 1 0 0 1 1 1 0 1 1 1 1 1 0 1 1 0 1 1 0 1 0 0 0 1 1 1 0 0 1 0 0 1 0 0 1 1 0 1 1 0 0 0 0 1 1 1 0 1 0 0 0 0 1 0 1 1 1 1 0 0 1 1 0 0 0 0 1 1 1 1 0 1 0 0 0 0 1 0 0 1 1 1 1 1 1 0 1 1
1 1 0 1 1 1 1 1 0 1 0 0 0 0 1 0 0 1 1 0 0 1 0 1 0 1 1 1 0 0 1 0 0 0 0 0 1 1 0 0 0 0 1 0 0 0 1 0 0 0 0 1 1 0 0 0 0 0 1 1 1 1 0 1 0 1 1 1 1 0 0 0 0 1 1 1 0 1 0 0 1 1 0 1 1 0 0 1 1 1 0 1 1 1 0 1 1 1 0 0 0 0 1 0 0 1 1 1 1 0 1 0 0 0 1 0 1 1 0 0 0 1 1 1 0 0 0 1 1 1 0 0 1 0 0 0 1 1 0 1 1 1 1 0 0 0 1 0 0 1 1 1 1 0 0 1 1 1 0 1
0 1 1 1 0 0 1 0 0 0 1 1 1 1 1 0 0 1 1 0 1 0 0 0 1 1 0 0 0 1 1 0 1 1 0 0 0 1 1 1 0 0 1 0 1 1 0 0 0 1 1 1 1 1 1 1 1 1 0 0 0 1 0 1 1 1 1 0 0 1 0 1 0 1 1 1 1 0 1 0 1 0 1 1 0 1 1 0 0 1 0 0 0 1 1 1 0 0 0 1 1 0 1 0 1 0 1 1 0 1 1 1 0 0 1 0 1 0 0 0 0 0 1 1 0 0 1 0 0 1 1 1 0 0 0 1 1 0 0 0 1 1 1 0 0 0 1 1 1 0 0 1 0 1 0 1 0 1 0 0
0 1 1 0 1 0 1 1 1 1 0 1 1 1 0 0 0 1 1 1 0 0 0 1 1 1 1 1 0 0 1 0 1 1 1 1 1 0 1 0 1 0 0 0 1 1 0 1 1 1 1 1 1 0 0 1 0 0 1 1 0 0 1 1 1 1 0 0 0 1 1 1 1 1 0 1 0 1 0 1 1 0 1 1 0 1 0 0 0 0 1 0 1 1 1 0 0 1 0 0 1 1 0 0 0 1 1 1 0 0 0 1 1 1 0 0 1 0 0 1 0 0 1 1 1 1 0 1 1 1 0 1 1 1 1 1 1 0 1 1 0 1 1 1 0 0 1 1 1 0 0 1 1 0 0 0 0 0 0 0
0 1 0 1 1 1 0 1 0 1 0 0 0 0 1 1 0 0 0 1 0 1 0 1 1 1 1 0 1 1 0 1 1 1 0 1 0 0 1 1 0 0 0 1 1 1 1 0 1 0 0 0 0 1 1 0 0 1 1 0 1 0 1 1 0 1 1 1 1 0 0 0 0 0 0 1 1 0 1 1 1 0 1 1 0 1 0 0 0 1 1 0 0 1 0 1 1 1 1 0 0 0 1 0 1 0 1 1 0 1 1 0 1 0 0 0 1 0 1 0 1 0 0 1 0 0 0 0 1 1 1 0 1 0 1 0 1 0 0 0 1 1 1 0 0 1 1 1 1 1 1 0 1 1 0 0 0 0 1 0
1 1 1 0 0 1 0 0 1 0 0 0 1 0 0 0 0 0 1 1 1 0 1 0 0 0 1 1 1 1 1 1 0 1 1 0 1 1 1 0 0 0 0 1 0 1 0 1 0 0 0 1 1 0 1 1 0 1 1 1 0 1 0 0 1 1 0 0 1 1 1 0 1 0 1 1 0 0 0 0 0 1 0 1 1 0 0 0 1 0 1 0 1 1 1 1 1 1 1 0 0 0 1 0 1 1 0 0 0 1 1 0 1 1 0 0 0 0 0 1 0 0 0 0 0 1 0 1 0 1 1 1 1 0 1 0 0 0 0 0 0 1 0 1 1 0 1 1 0 0 0 1 1 1 1 0 1 1 1 1
1 1 1 1 0 1 0 0 0 1 0 0 0 1 1 0 1 1 1 1 0 1 1 1 0 1 1 1 1 0 0 1 1 1 1 0 0 1 0 1 1 1 0 1 1 0 0 0 0 1 0 1 0 1 1 1 1 0 0 1 0 0 0 0 1 1 1 0 1 0 0 0 1 1 1 0 1 0 0 0 0 1 1 0 1 0 1 1 0 0 1 0 1 0 0 0 1 0 1 1 0 0 1 1 0 1 1 0 1 1 0 0 0 1 1 0 0 1 0 1 0 0 0 0 1 1 1 0 0 0 0 1 0 0 0 0 0 0 1 1 0 1 0 0 0 1 1 0 0 1 1 1 1 0 1 0 1 1 1 1
0 1 1 0 1 1 1 1 0 1 1 1 0 1 1 0 1 0 0 0 0 1 1 0 0 0 1 0 1 0 0 1 0 0 0 0 1 1 1 0 0 1 1 1 0 0 1 0 1 0 1 1 0 0 1 0 0 1 0 0 0 0 0 0 0 1 0 1 0 1 0 1 0 0 0 0 1 0 0 0 1 0 0 1 1 0 0 0 1 1 1 0 1 0 1 1 0 0 1 0 0 0 0 1 0 1 1 1 0 1 1 1 1 1 1 0 0 0 1 0 0 0 0 0 1 1 1 0 1 0 0 1 0 0 0 1 0 1 1 1 0 0 1 1 1 0 0 0 1 1 1 0 1 0 1 1 0 0 0 0
1 0 1 0 1 0 1 0 0 0 1 0 0 1 0 0 1 1 1 0 0 1 0 1 0 1 1 0 0 0 1 0 0 0 1 1 0 1 0 0 1 1 0 0 0 1 1 0 0 1 1 1 1 0 0 0 0 1 0 1 0 0 1 0 0 1 1 1 0 1 0 1 1 1 0 1 0 1 1 0 0 1 0 1 0 1 1 1 1 0 0 0 1 1 0 0 0 1 1 0 1 0 1 0 1 1 1 0 1 1 1 1 1 0 1 1 1 1 0 0 1 0 0 1 0 0 1 0 1 0 0 0 1 1 1 0 0 1 0 0 0 1 1 1 1 1 1 1 0 1 1 0 1 1 0 1 1 0 1 1
1 1 1 1 1 0 0 1 1 1 0 1 0 1 1 0 1 0 0 0 0 0 1 1 0 1 0 0 0 0 1 1 0 0 0 0 0 0 1 0 0 1 1 1 1 0 1 1 0 1 1 1 1 0 0 1 0 0 1 0 1 1 1 0 0 0 1 0 0 0 1 1 1 1 0 0 1 1 1 0 0 1 0 1 0 1 1 1 1 0 1 1 1 1 0 1 1 0 1 0 0 1 1 0 1 0 1 1 1 1 1 1 1 0 0 1 0 1 1 1 1 0 1 1 1 1 0 1 1 0 1 1 0 0 1 1 1 0 0 1 0 1 1 1 0 0 1 1 0 1 1 0 0 0 1 1 1 1 1 1
1 0 1 1 1 0 0 1 1 0 1 1 0 0 0 0 1 0 0 1 0 0 1 1 0 1 1 1 1 1 0 1 0 1 0 0 0 1 0 1 1 0 1 1 0 1 0 1 0 0 0 0 0 1 1 1 1 0 0 1 0 0 1 1 1 0 1 0 0 0 0 1 1 1 1 0 1 1 1 1 1 0 0 1 0 0 1 1 0 0 1 1 1 0 1 1 0 1 0 0 0 0 1 1 1 1 1 1 0 0 1 1 0 0 1 0 0 1 1 0 0 1 0 1 1 1 1 1 1 0 1 0 1 0 0 1 0 0 1 1 1 1 0 0 1 1 0 0 0 0 0 1 1 0 0 1 0 1 0 1
0 1 1 0 1 1 1 0 1 1 0 0 1 1 0 1 0 1 0 1 1 1 0 0 0 0 0 1 0 0 1 0 0 0 0 1 0 0 0 0 0 0 1 0 1 1 0 1 0 0 0 1 1 0 0 1 0 0 0 0 0 0 1 1 0 0 1 1 0 0 1 0 1 1 1 1 1 0 0 1 0 0 0 0 0 0 0 0 1 1 0 0 1 1 1 1 0 0 0 0 0 0 1 1 1 1 0 0 1 1 1 1 0 1 1 0 0 1 1 1 1 0 1 0 0 1 0 1 1 1 1 0 0 1 0 0 1 0 0 1 1 0 1 1 0 1 0 0 0 0 1 1 1 1 0 1 0 1 1 1
0 0 0 1 0 1 0 1 1 1 1 0 1 0 0 0 1 1 0 1 1 1 1 0 1 0 1 0 1 0 0 0 1 0 0 0 0 1 1 0 0 1 0 0 1 0 1 1 1 1 1 0 1 0 0 1 0 1 0 1 0 1 1 1 0 1 1 0 1 0 1 1 0 0 0 0 1 0 1 1 1 1 1 1 1 0 1 1 1 1 0 1 0 0 1 1 1 1 1 0 1 1 0 1 1 0 1 0 0 1 0 0 0 0 0 1 1 1 0 0 1 0 0 0 0 0 0 1 1 1 1 1 1 1 1 0 1 0 0 1 0 0 1 0 1 0 0 1 1 0 1 1 1 0 1 0 0 1 0 1
1 0 0 0 0 1 1 1 0 0 1 0 0 0 0 0 1 1 1 1 0 1 0 0 0 1 1 0 1 1 0 1 0 1 1 1 1 0 0 1 0 0 0 1 0 0 0 0 1 0 0 0 0 1 1 1 0 1 0 1 1 0 0 1 1 1 1 0 1 0 1 1 0 1 0 0 1 0 1 1 0 0 1 1 0 1 1 1 1 0 1 1 0 0 1 0 1 0 0 0 1 1 0 0 0 1 0 1 1 0 1 1 1 1 1 1 1 0 1 0 0 0 1 0 1 1 0 0 1 1 1 0 0 1 0 0 0 0 1 1 1 0 1 0 0 1 1 1 1 1 1 1 1 1 0 0 0 1 0 0
0 1 1 0 1 0 0 0 0 0 0 1 0 1 0 1 1 1 0 0 0 0 1 0 0 1 1 1 0 1 0 1 0 1 0 0 1 1 0 1 1 0 0 0 1 1 1 1 0 1 0 0 1 0 0 1 0 0 0 1 0 0 0 1 1 1 1 1 1 1 1 0 1 1 1 1 0 1 0 1 1 1 1 1 1 1 1 1 1 0 0 1 0 0 1 1 1 0 0 0 0 1 0 1 1 1 1 1 0 1 1 1 1 0 1 1 0 0 0 0 1 0 0 0 0 1 1 1 0 0 1 1 0 0 1 0 0 0 1 0 1 1 0 0 0 1 0 1 0 1 0 0 1 1 0 0 1 1 1 0
0 0 0 0 0 0 1 1 0 1 0 0 0 0 0 1 1 1 1 0 0 1 1 0 0 0 0 1 1 0 0 1 0 0 0 1 1 1 0 0 0 1 1 1 1 0 0 1 0 1 0 0 0 1 1 0 0 1 0 0 0 0 1 1 1 1 0 1 1 1 0 0 0 0 1 1 1 1 1 1 0 1 1 0 0 1 0 0 0 0 1 1 0 1 1 1 1 1 1 1 0 0 1 1 1 0 0 0 1 0 1 1 0 1 1 0 1 0 0 0 1 0 1 0 0 1 1 0 1 1 0 1 1 0 0 0 0 1 0 0 0 1 1 0 0 1 0 1 0 1 0 0 1 1 1 0 1 0 1 0
0 0 0 0 0 1 0 1 0 0 1 1 1 0 0 1 0 0 1 1 1 1 0 0 0 0 0 1 1 0 1 0 1 1 1 1 1 0 0 0 0 1 1 1 0 1 1 1 0 1 0 1 0 0 0 0 0 0 0 0 1 0 0 1 1 1 0 0 1 0 1 1 0 0 1 0 1 0 1 0 1 0 0 1 1 0 1 0 0 0 1 1 1 0 1 0 0 0 0 1 1 0 1 0 1 0 1 0 1 1 1 1 0 1 0 1 0 1 0 1 1 0 0 0 1 1 0 0 1 0 0 0 1 1 0 0 0 1 1 0 0 1 1 1 0 1 1 0 1 0 1 0 1 1 1 1 1 1 0 0
1 0 1 1 0 0 0 0 0 0 0 1 0 0 1 1 1 1 0 0 1 1 0 0 1 0 1 0 0 0 1 0 1 0 1 1 0 0 0 1 0 0 1 1 0 0 0 1 1 0 1 1 1 0 0 1 1 1 0 1 0 1 1 1 0 1 0 0 0 0 1 0 1 0 1 0 0 1 0 0 1 0 0 0 0 1 1 1 0 1 1 0 0 1 0 0 1 1 1 1 1 1 0 1 0 0 1 0 1 1 0 0 1 1 1 1 0 0 0 0 0 1 1 1 1 1 0 1 0 0 1 0 0 1 1 0 1 1 0 0 0 1 0 0 1 0 0 0 1 1 0 0 0 0 0 1 1 1 0 0
1 1 1 0 1 0 1 0 1 0 1 1 1 0 1 1 0 1 0 1 0 1 1 0 1 1 1 1 0 1 1 1 1 0 1 1 1 0 1 1 0 1 0 0 0 0 0 1 1 0 1 1 1 1 1 0 0 0 0 0 1 1 0 0 1 0 1 0 0 1 1 0 0 0 0 0 1 1 0 1 0 0 0 1 0 0 1 0 1 1 1 0 1 1 0 0 1 0 1 0 1 0 1 1 0 0 1 0 0 0 0 0 0 0 0 0 0 1 0 1 1 1 0 0 0 1 0 0 1 1 0 0 1 1 0 1 1 1 0 1 1 0 1 0 1 0 0 0 1 0 0 1 0 1 0 1 1 0 1 0
0 1 0 0 1 1 0 0 1 1 1 0 0 0 1 1 0 0 0 1 0 0 0 0 1 1 1 1 0 1 0 1 0 0 1 0 0 0 1 1 1 0 1 0 1 0 0 0 1 1 1 0 1 0 0 1 1 1 1 1 1 1 0 0 0 1 0 1 1 0 0 0 0 0 1 0 1 0 1 1 0 0 1 1 1 0 1 0 0 0 1 0 1 1 1 1 1 0 0 1 0 1 1 1 0 1 0 1 1 0 1 0 0 1 0 1 1 0 1 1 1 1 0 1 0 1 1 1 1 1 1 1 1 0 1 0 1 1 1 1 1 1 0 0 1 1 0 1 0 0 0 1 0 0 1 0 1 0 1 1
0 1 1 0 1 0 1 0 1 0 0 0 1 0 0 1 0 1 1 0 0 0 1 0 0 1 0 0 1 0 0 0 1 0 1 0 1 1 1 1 0 0 1 0 0 0 0 0 0 0 0 0 0 0 0 1 1 0 1 0 0 0 1 0 0 0 0 0 1 0 1 0 1 0 0 1 1 0 1 0 1 1 1 1 1 1 1 1 1 1 1 1 1 0 0 1 1 0 0 1 1 0 1 1 0 0 0 0 0 0 1 1 0 1 0 0 0 1 1 0 1 1 1 0 1 0 1 1 0 0 1 0 1 1 1 1 1 1 0 1 0 0 1 0 0 0 1 0 1 1 0 0 1 1 1 0 0 1 1 0
0 1 0 0 0 1 1 0 0 0 0 0 1 1 0 0 1 0 0 0 0 1 1 0 0 1 1 1 0 1 0 1 0 1 1 1 0 0 1 0 1 1 1 1 0 0 1 0 1 1 1 0 0 0 1 1 0 1 1 0 1 0 1 1 1 1 0 1 1 0 1 1 1 0 0 1 0 0 0 1 0 1 1 0 0 0 0 0 0 0 1 1 0 1 0 0 1 1 0 0 1 0 0 1 1 1 0 0 1 0 0 0 0 1 1 1 1 0 1 1 1 0 0 1 1 0 0 1 1 1 0 1 1 0 1 1 0 1 1 0 1 0 1 1 0 1 0 1 0 0 0 1 1 0 0 0 0 0 0 1
0 1 1 1 0 1 0 0 1 1 1 1 1 1 0 0 0 1 0 1 1 0 1 1 1 0 1 0 0 0 1 0 0 1 0 1 0 1 1 0 0 0 1 0 1 0 1 0 1 1 0 1 1 1 1 1 0 1 0 0 1 1 1 1 0 1 0 0 0 1 0 1 1 1 0 1 0 1 1 0 1 0 1 0 0 1 1 0 1 1 0 0 0 0 1 0 0 1 0 0 1 0 1 0 1 1 0 1 1 0 1 1 0 1 0 1 1 0 0 1 1 1 0 1 0 1 1 0 1 1 1 0 0 1 1 1 1 1 1 0 0 1 1 1 0 0 1 0 1 0 0 0 1 1 0 0 1 0 0 1
0 1 1 0 1 0 0 1 1 1 1 1 1 0 0 0 0 0 0 1 1 0 1 1 0 0 0 1 0 0 0 0 0 0 0 0 1 0 1 1 1 1 1 1 0 0 1 1 1 1 1 1 1 1 1 0 1 0 0 0 1 0 1 1 0 0 1 1 1 0 1 1 0 0 1 1 0 1 1 1 1 0 1 1 1 0 0 1 1 1 0 1 0 0 0 0 1 0 1 1 1 1 1 1 1 0 0 1 0 0 0 0 0 1 1 1 1 0 0 1 0 0 1 1 1 0 1 0 1 0 1 1 0 1 1 1 0 1 1 0 1 0 0 0 1 0 0 1 1 1 1 0 0 1 0 0 0 1 1 1
0 1 1 0 1 0 0 0 1 1 0 1 1 0 0 1 1 1 0 0 0 1 1 1 1 0 0 0 0 0 0 1 0 1 0 1 1 0 0 0 0 1 1 0 1 0 1 1 0 0 1 1 0 0 1 0 0 0 1 0 1 0 1 1 1 1 1 1 1 0 1 0 0 1 0 0 0 0 1 1 1 0 1 1 1 0 0 0 0 0 1 1 0 1 1 0 1 1 1 1 0 1 0 1 1 0 0 1 0 0 1 0 0 0 0 0 0 0 1 1 0 1 0 1 0 1 0 0 1 0 0 1 0 0 0 1 0 0 0 0 0 1 1 0 0 1 1 0 0 1 0 0 0 0 1 1 1 0 0 1
0 1 1 1 0 0 0 0 1 1 1 1 0 1 1 1 0 1 0 0 1 0 0 0 0 0 1 0 0 1 1 0 1 1 0 1 1 1 0 1 1 1 0 0 0 1 0 1 1 0 1 1 1 0 1 1 0 1 1 1 0 0 0 1 0 0 1 0 1 1 1 1 1 0 0 0 0 1 1 0 0 1 0 0 1 0 0 0 1 0 1 0 0 0 1 0 1 0 0 1 0 1 1 0 0 0 0 0 0 0 0 1 0 1 0 1 1 1 0 1 1 0 0 0 0 0 1 1 0 1 1 1 1 0 0 0 1 0 0 0 1 0 1 0 1 0 0 1 0 0 1 0 0 0 1 0 0 1 1 1
0 1 1 1 0 1 0 1 0 1 0 0 1 1 1 1 0 1 1 1 1 0 1 1 0 0 1 0 1 1 1 1 1 0 1 1 0 1 1 0 1 0 1 1 1 0 0 0 0 0 1 0 0 0 1 1 0 0 0 0 1 1 1 0 1 0 0 1 0 0 0 0 0 1 0 1 1 0 0 0 0 1 1 1 1 0 0 1 1 1 0 0 0 0 0 0 1 0 1 1 0 0 0 0 0 0 1 1 1 1 1 0 0 0 1 0 0 0 0 1 1 1 0 0 1 1 0 1 0 0 0 1 0 0 1 1 1 1 0 0 0 0 1 0 0 0 0 0 0 0 1 1 1 1 0 1 1 1 0 0
1 0 0 0 0 0 1 1 0 0 1 1 1 0 0 1 0 0 0 1 0 1 0 1 0 1 0 1 1 0 0 1 0 1 1 0 0 0 1 0 0 0 1 0 0 1 1 1 0 1 0 1 0 1 0 0 1 0 1 0 0 0 1 1 1 1 1 1 0 1 0 1 0 1 1 1 0 1 0 0 0 1 1 0 1 0 0 1 1 1 0 0 1 1 1 0 0 0 1 0 0 0 1 1 0 0 1 0 1 1 0 0 1 1 0 1 1 1 0 1 0 1 1 0 1 1 1 0 1 1 0 0 1 0 1 1 0 0 0 0 1 1 0 0 0 0 1 0 1 1 0 0 0 0 1 0 1 0 1 0
0 0 0 1 0 0 1 1 0 1 1 0 0 1 1 0 0 0 1 1 1 1 1 0 1 0 0 0 0 1 1 1 0 0 1 0 0 1 0 0 1 1 0 0 1 0 0 1 1 1 0 0 1 0 0 0 1 0 0 0 1 0 1 1 1 1 1 0 1 1 0 0 1 0 0 0 1 0 0 0 0 1 1 1 0 1 1 0 0 0 0 1 1 1 0 1 1 1 1 0 1 1 1 1 1 0 0 0 1 0 1 1 0 1 1 1 0 0 0 0 1 0 0 0 1 1 1 0 0 1 1 1 0 0 1 1 0 1 1 1 1 0 1 0 1 0 1 0 0 1 1 0 0 1 1 0 1 1 1 1
0 0 1 0 0 0 0 1 0 1 0 0 1 0 1 1 0 1 0 1 0 1 0 1 0 1 1 0 0 1 1 0 0 0 0 0 1 0 1 0 0 0 1 0 1 0 1 0 1 0 0 1 0 0 1 0 1 0 1 1 1 0 0 0 1 0 0 1 1 1 1 1 1 0 1 1 1 1 1 0 1 1 1 1 0 0 0 0 0 0 1 1 1 1 0 0 0 0 1 1 0 0 0 0 0 1 0 0 0 0 1 1 0 0 0 1 0 1 0 0 1 0 0 1 0 1 1 0 0 0 1 1 0 0 1 0 1 1 0 0 0 0 0 0 0 1 0 1 1 0 1 0 0 1 0 0 0 1 1 0
0 0 1 0 0 1 1 0 0 0 1 1 1 0 1 0 0 0 0 1 0 0 0 1 0 0 1 1 0 1 0 0 1 1 1 0 0 0 1 0 1 0 0 1 1 1 1 0 1 0 0 1 1 1 1 1 1 1 1 0 0 0 0 0 0 0 0 0 0 1 0 0 0 0 0 0 1 1 0 1 1 0 1 0 1 1 1 0 0 0 0 0 1 1 0 1 0 1 0 0 1 1 0 0 0 1 1 0 0 0 0 1 0 1 0 1 0 1 1 0 1 0 1 1 0 1 1 1 1 0 1 1 1 1 0 1 0 1 0 0 0 1 0 0 0 1 1 0 1 1 0 0 1 0 1 0 1 1 0 0
1 0 1 1 0 1 0 0 1 0 0 1 0 1 1 0 0 0 0 0 1 0 0 0 1 0 1 0 1 1 1 1 1 1 1 0 1 1 0 0 1 1 1 1 0 1 1 1 0 1 1 1 1 0 0 0 0 0 0 0 1 0 1 1 1 1 1 1 1 1 1 1 0 0 1 1 1 0 1 1 1 0 0 0 0 0 0 1 1 0 1 0 1 0 1 1 0 0 0 1 0 1 0 1 0 0 1 1 0 0 0 0 0 1 1 0 1 0 0 1 1 0 1 1 1 1 1 0 0 1 1 1 0 0 1 0 0 1 0 0 1 1 0 1 0 0 1 0 0 1 1 1 0 1 0 1 0 1 0 1
0 1 0 1 1 0 1 0 0 0 0 0 1 0 0 1 1 0 0 0 1 0 0 1 1 1 1 1 1 0 1 1 1 0 0 1 0 0 0 0 0 1 1 0 1 0 0 0 1 1 1 1 0 0 0 0 0 0 1 0 0 1 1 1 1 0 0 0 1 1 1 0 1 0 1 1 1 0 1 0 1 1 1 1 0 1 0 1 0 0 0 0 1 1 0 1 0 0 1 0 1 0 0 0 1 1 1 1 1 1 0 1 0 0 0 1 1 1 0 0 0 1 1 0 1 0 1 1 0 1 0 1 0 0 0 0 1 0 0 1 1 0 1 0 0 1 0 0 0 0 0 0 0 1 1 0 1 0 0 1
1 0 0 1 0 1 1 1 0 1 0 1 1 0 1 1 1 1 1 1 0 0 1 1 0 0 0 1 0 1 0 0 1 0 0 1 0 0 0 0 0 0 1 0 1 1 0 1 0 1 0 1 1 0 1 1 1 1 0 1 1 0 0 1 0 1 1 0 0 0 0 1 0 1 1 1 1 0 1 0 1 1 0 1 0 1 1 1 1 0 0 1 1 0 1 1 0 1 0 0 1 1 1 1 0 1 1 1 1 1 0 0 1 1 1 0 1 0 0 1 0 0 0 0 0 1 1 0 1 1 0 0 0 1 1 0 1 1 0 0 1 1 0 0 0 1 1 1 1 1 0 1 1 1 1 0 0 0 1 1
1 1 0 0 1 1 1 0 0 1 0 0 0 0 0 0 1 0 0 1 0 1 1 1 0 0 0 1 1 0 1 0 0 0 0 0 0 0 0 0 0 1 1 0 0 0 0 0 1 1 1 0 0 1 1 0 1 1 0 1 0 0 1 0 0 0 1 0 0 1 1 0 1 0 1 1 1 1 1 0 1 0 1 1 1 0 0 0 1 0 0 1 1 1 0 0 1 1 1 0 0 0 1 1 0 1 0 1 0 1 0 1 1 1 0 1 0 0 0 1 1 1 1 0 1 1 1 1 0 0 1 1 1 1 1 0 1 1 1 0 0 1 1 0 0 0 1 0 0 1 1 0 0 0 0 0 1 0 1 1
1 1 1 1 0 0 0 0 0 0 1 1 0 1 1 0 0 0 0 1 0 1 1 1 0 1 0 0 1 1 1 1 1 0 0 1 0 0 1 0 0 0 1 1 1 1 1 1 1 0 1 0 0 0 1 1 1 0 0 0 0 1 0 0 0 0 1 0 0 1 0 1 0 1 0 0 1 0 0 0 1 0 0 0 0 0 0 0 0 1 0 0 1 0 1 1 0 0 1 0 1 1 1 1 1 1 1 1 1 1 0 0 0 0 1 0 0 0 0 1 0 1 0 1 0 0 1 1 0 1 0 1 0 0 1 1 1 0 0 0 1 0 1 0 0 0 1 0 0 0 0 1 1 1 0 0 0 1 0 0
0 1 0 1 1 1 0 1 1 1 0 0 0 1 0 0 0 1 0 1 0 1 1 1 0 0 0 0 1 0 1 1 1 0 0 0 1 0 0 0 0 0 1 0 0 1 0 1 1 0 0 0 0 0 1 0 1 1 1 1 1 0 1 1 0 1 1 0 0 1 0 0 0 0 0 0 0 0 1 0 0 1 0 1 1 0 0 0 0 1 0 1 1 0 0 0 1 1 1 1 1 1 0 0 1 0 0 1 0 1 1 0 1 1 0 1 1 0 1 1 0 0 1 0 1 0 0 0 0 0 1 0 0 1 0 0 0 1 1 1 0 1 0 1 1 1 0 0 0 1 0 1 1 1 0 0 1 0 0 0