200
15 181 172 3 8 20 191 6 34 49 159 52 133 156 183 42 185 69 46 91 60 0 149 94 176 139 65 31 2 153 142 79 151 122 138 98 188 88 67 193 93 160 167 35 105 110 90 196 39 136
0 1 0 1 1 1 1 0 0 0 1 0 0 0 1 0 1 1 1 1 1 1 0 1 0 1 1 1 1 1 1 0 0 1 1 0 0 0 0 0 0 0 1 1 1 1 1 1 1 0 1 0 0 0 1 0 1 0 1 0 0 0 0 1 1 0 1 0 1 0 1 1 1 1 1 0 0 1 1 1 0 1 0 0 0 1 1 0 1 0 0 1 0 1 1 1 0 1 0 0 1 0 0 0 0 0 1 1 1 1 0 0 1 0 1 0 0 1 1 1 1 0 1 1 1 1 0 1 1 1 1 1 1 1 0 0 1 0 0 0 0 0 0 0 0 0 0 0 0 1 0 1 0 0 1 0 1 1 1 0 0 1 0 1 1 1 0 0 0 1 0 1 0 0 0 1 1 0 0 1 0 1 1 0 0 0 1 0 0 1 1 0 1 0 1 1 1 1 1 0
0 0 0 0 1 1 1 0 1 1 0 1 0 1 1 1 0 0 1 1 0 0 0 0 1 0 1 1 1 1 1 0 1 0 1 1 0 1 0 0 0 1 1 1 0 1 1 1 1 1 1 0 0 0 1 0 1 0 1 1 0 0 1 1 1 0 1 0 0 1 1 1 0 0 1 0 0 1 1 0 1 0 0 1 0 1 0 1 0 1 0 0 1 1 1 0 1 1 1 1 0 1 0 1 1 1 0 0 1 1 1 1 0 0 0 1 1 0 0 0 0 0 1 1 1 0 1 1 0 1 1 1 0 0 1 1 0 0 0 1 1 0 1 1 1 0 1 1 0 0 1 1 1 0 0 0 1 0 1 1 1 1 1 1 0 1 1 0 0 1 0 1 1 1 0 0 1 0 0 1 0 0 1 1 0 1 0 1 1 1 1 1 0 1 0 1 0 1 1 0
0 1 0 0 1 1 1 1 1 0 0 1 1 1 1 1 0 1 0 1 0 1 1 0 1 0 1 1 1 1 1 0 1 0 0 0 1 1 0 1 1 0 1 0 1 1 0 1 1 1 1 1 0 0 0 1 0 0 0 1 1 1 1 1 0 1 1 0 0 0 0 1 0 1 0 1 1 0 0 1 0 0 0 1 0 0 0 0 0 0 0 1 0 0 0 1 0 0 1 0 0 1 1 0 1 1 0 0 1 1 1 0 0 1 0 0 0 0 0 1 1 0 0 1 1 1 1 0 0 1 1 1 0 0 0 1 1 1 1 0 1 0 0 1 0 1 1 0 0 0 0 0 0 1 1 1 1 0 0 1 1 1 0 1 0 0 1 1 0 1 1 0 1 0 0 0 1 1 1 0 0 1 0 1 1 0 0 0 1 0 0 0 1 1 0 0 0 0 0 1
1 0 1 0 0 0 1 1 0 0 0 0 0 1 0 0 1 1 1 1 1 0 1 1 0 1 0 0 0 0 1 1 1 0 1 0 0 0 0 0 0 1 1 0 1 0 0 0 0 1 0 0 1 0 1 0 0 0 1 0 1 0 1 1 0 1 1 0 1 1 1 0 0 0 0 1 1 1 1 1 0 1 0 1 0 0 0 1 0 0 0 0 0 1 1 0 1 0 1 0 0 1 1 1 1 1 0 0 1 1 0 1 0 0 0 0 1 1 1 1 1 1 0 1 0 1 0 0 1 1 0 0 1 0 0 0 1 0 1 0 0 1 1 0 1 0 0 0 1 0 1 1 0 1 0 0 1 1 0 0 0 0 0 1 1 1 1 1 0 0 0 0 0 1 0 1 0 1 1 1 0 0 0 0 1 0 0 0 1 1 1 1 0 1 0 0 0 0 1 0
1 0 0 1 0 1 0 1 1 0 0 1 1 1 1 1 1 0 1 0 1 0 1 1 1 1 1 1 0 0 1 0 1 0 0 0 0 0 0 1 1 1 1 1 1 1 0 0 1 1 0 1 1 1 0 0 0 0 0 1 1 0 0 0 0 1 1 0 1 1 0 0 0 0 1 0 1 0 1 0 0 1 1 0 0 1 1 0 1 1 1 0 1 1 1 1 0 0 0 0 0 0 1 0 0 1 0 1 1 0 0 1 0 1 1 1 0 0 0 0 1 1 1 0 1 1 1 1 1 0 0 0 1 0 1 1 1 1 0 0 0 1 1 0 1 0 0 0 1 0 1 1 1 0 0 1 1 0 0 0 0 1 0 1 0 0 0 0 0 0 0 0 1 0 1 0 0 1 1 1 0 0 0 0 0 1 0 1 1 0 0 0 0 0 0 0 1 1 1 0
1 0 1 1 1 0 0 0 0 0 1 1 0 1 1 1 1 0 0 0 1 1 0 0 0 1 0 0 0 1 1 1 1 0 1 1 1 0 0 1 0 0 0 1 0 1 0 0 1 1 0 0 0 1 1 0 1 0 0 0 0 1 1 0 0 1 0 0 0 1 0 1 1 1 1 0 0 1 1 0 0 1 0 1 0 0 1 1 1 0 0 0 1 0 1 1 0 1 1 1 0 1 1 1 0 0 0 0 0 0 0 1 0 0 1 0 0 1 0 0 1 0 0 0 1 1 1 0 1 1 0 0 0 0 1 1 1 0 1 0 1 1 0 0 1 0 1 1 0 1 1 0 1 1 1 1 0 1 1 0 1 0 0 0 0 1 1 1 1 0 0 0 0 0 0 1 0 0 1 1 1 0 0 0 1 0 0 1 0 1 1 0 1 1 0 1 1 1 0 0
0 1 0 0 1 1 0 0 1 0 0 0 1 0 1 0 1 1 1 1 1 0 1 1 1 1 0 0 1 1 0 1 1 1 1 1 1 0 1 1 0 1 1 0 0 0 1 0 0 0 0 1 0 1 1 0 0 0 0 1 1 1 1 1 1 0 0 0 1 1 1 1 1 1 1 1 0 1 0 0 0 1 1 0 1 1 1 0 0 0 1 0 0 0 1 1 0 1 1 0 1 1 1 0 0 1 0 0 1 1 1 0 0 0 1 0 1 0 1 1 0 1 1 0 0 1 1 0 0 1 1 1 0 0 1 0 1 1 1 1 1 0 1 1 0 1 0 1 1 1 0 1 0 0 0 1 0 1 1 1 1 1 1 0 1 1 0 1 0 1 1 1 1 0 0 1 1 0 0 1 1 0 0 1 1 0 0 1 0 0 0 0 1 0 0 0 0 0 1 0
1 0 1 1 0 1 1 0 0 0 1 0 1 0 0 0 0 0 1 1 0 0 0 0 0 1 0 0 0 1 1 0 1 1 1 0 1 1 1 0 0 0 1 1 1 1 0 1 0 0 0 1 0 0 1 0 1 0 1 0 0 0 0 0 1 0 0 1 1 1 0 1 0 1 0 1 0 1 1 0 1 0 1 0 0 1 1 0 1 0 1 0 0 1 0 0 0 1 1 1 1 0 1 1 0 0 1 0 0 0 0 0 1 1 1 0 0 0 1 1 0 1 1 1 0 0 1 0 0 0 0 1 0 0 0 0 0 1 1 1 1 1 0 1 0 0 1 1 0 1 1 1 1 0 0 0 0 1 1 1 1 0 1 0 1 1 0 1 1 1 0 1 1 1 1 1 0 0 0 1 1 0 1 0 1 1 1 0 0 0 0 1 1 0 0 1 1 1 1 0
0 1 1 1 0 0 0 1 0 0 1 0 1 0 1 0 0 1 0 0 0 0 1 0 1 1 1 0 1 1 1 0 1 0 0 0 0 0 1 0 0 1 1 1 0 0 0 0 0 0 1 1 0 1 0 0 0 0 0 0 0 1 1 0 1 0 0 1 0 0 0 1 1 1 0 1 0 1 0 1 1 1 1 1 0 0 1 1 1 1 0 0 1 0 1 0 1 1 1 0 1 1 1 0 0 1 1 0 1 1 0 0 1 1 0 0 1 0 0 0 0 0 1 0 0 0 1 0 1 0 0 1 0 0 0 0 1 0 1 1 0 0 0 0 1 0 1 0 1 0 0 1 0 1 1 0 0 0 0 1 1 0 1 0 1 0 0 0 1 1 1 0 0 1 1 0 1 1 0 1 1 0 1 0 0 1 0 1 0 1 0 1 1 0 0 1 0 0 1 0
1 1 1 1 1 1 0 1 0 0 1 0 1 0 1 0 1 1 1 0 0 1 1 0 0 1 0 0 1 0 1 1 0 1 0 1 1 1 1 0 1 0 0 1 1 1 0 0 0 1 0 0 0 1 1 1 0 0 0 0 1 0 1 0 1 1 0 1 0 0 1 0 0 1 1 1 0 0 1 0 1 0 0 1 0 0 1 0 0 0 0 1 0 0 0 1 1 0 0 0 1 1 0 0 1 1 1 1 0 1 0 0 0 0 0 1 0 0 1 0 1 0 1 1 1 0 0 0 1 0 1 1 0 1 1 1 1 1 1 1 1 1 0 1 1 1 0 1 0 0 1 1 0 0 0 1 0 1 0 0 1 1 0 1 0 0 0 1 1 1 1 1 0 0 0 0 0 1 0 0 0 0 0 1 0 0 1 0 0 0 1 1 1 1 0 0 0 0 1 0
0 1 0 1 1 1 1 1 0 1 0 1 0 1 0 1 0 0 0 1 1 1 1 1 1 1 1 1 0 1 0 0 0 1 0 0 1 0 0 1 1 0 1 0 1 0 0 1 1 1 1 0 0 0 0 1 1 0 1 0 0 1 1 1 0 1 1 1 1 0 1 0 1 1 0 1 1 1 0 1 1 0 1 1 0 1 0 0 1 1 1 1 0 1 0 0 0 0 0 1 0 0 1 0 0 1 0 1 0 1 1 0 0 1 1 0 0 1 1 1 1 0 1 1 1 1 1 0 1 1 0 0 0 1 0 1 0 1 1 1 1 1 1 1 1 0 0 0 0 0 1 0 1 0 0 0 0 1 0 1 0 1 1 1 0 1 1 1 0 0 0 1 0 0 0 1 0 0 1 1 0 1 1 0 0 0 1 1 0 1 0 0 0 0 1 1 1 0 1 1
1 1 0 0 0 0 1 1 0 0 1 0 0 0 0 0 1 1 1 0 0 0 0 1 0 1 1 0 1 0 0 0 0 1 0 0 1 0 1 1 0 0 1 1 0 0 1 0 1 1 0 0 1 0 0 0 0 0 0 1 1 1 0 0 0 0 1 1 1 1 0 1 0 0 1 1 0 1 0 0 1 0 0 1 1 0 0 0 0 1 0 1 0 1 1 1 0 1 1 0 1 1 0 0 0 0 0 0 1 1 0 1 1 0 1 1 0 0 1 1 0 1 1 0 1 1 1 1 0 1 1 1 0 0 1 1 0 1 1 0 1 0 0 0 1 0 1 1 1 0 1 0 1 0 1 0 1 0 1 0 0 0 0 0 0 0 0 1 0 0 0 0 1 0 1 0 1 0 0 1 0 1 1 0 1 0 1 1 1 0 1 1 1 0 1 0 1 0 0 1
0 0 0 0 1 1 1 1 1 1 0 0 0 1 0 1 1 1 0 0 1 1 0 1 0 0 0 0 0 0 0 1 1 1 1 1 1 1 0 0 1 1 1 0 0 1 1 1 0 0 0 0 0 1 1 1 0 1 1 0 0 0 0 0 1 0 1 1 1 1 1 1 1 0 1 0 1 1 0 1 0 0 0 0 0 1 0 0 1 1 1 0 0 0 1 0 1 1 0 0 0 1 0 1 0 0 0 0 1 0 0 0 0 0 0 0 1 1 0 0 0 1 0 1 0 0 1 0 0 1 1 1 1 0 1 0 1 0 0 0 0 1 0 0 0 1 0 1 0 0 0 1 1 0 1 0 1 0 0 1 0 1 1 1 0 0 0 1 0 0 0 1 0 0 0 0 1 0 0 1 1 0 1 0 0 1 1 0 0 1 1 1 1 0 0 0 1 1 0 1
1 0 1 1 0 0 0 0 0 0 0 0 1 0 0 1 1 0 0 0 0 0 1 0 0 1 0 0 1 1 1 0 0 0 1 0 1 1 1 0 0 0 1 0 0 1 1 1 0 1 0 1 1 1 0 1 0 1 0 0 1 1 1 0 0 1 0 1 0 0 1 1 0 1 0 0 0 1 1 1 0 1 1 0 0 1 0 1 1 0 0 0 0 0 1 0 0 1 1 1 1 0 1 1 0 1 0 1 0 0 0 0 0 0 0 1 1 1 0 0 0 0 1 1 1 1 1 0 0 0 1 1 1 1 0 0 1 0 1 0 1 0 0 0 0 0 1 1 0 1 1 1 1 0 0 1 0 0 1 1 0 0 1 1 1 0 0 1 0 0 0 1 1 0 0 1 1 1 0 0 0 0 0 0 1 1 1 1 0 0 0 0 1 0 0 0 1 1 0 1
1 1 0 0 0 0 0 0 1 0 1 0 0 1 0 0 0 0 1 1 0 1 0 0 1 1 0 0 0 0 1 1 1 1 0 1 0 1 0 0 1 0 1 1 0 1 0 1 0 0 1 0 0 0 0 0 1 0 1 0 0 1 0 1 1 1 0 0 1 0 1 1 0 0 0 1 0 1 0 1 0 0 1 1 1 1 1 0 1 0 0 0 1 1 0 1 0 1 0 0 0 1 0 0 1 1 1 0 1 0 1 0 0 1 1 0 1 0 1 1 1 1 1 0 1 0 1 0 0 0 1 0 0 1 0 1 1 0 1 1 0 1 1 0 0 0 1 1 0 0 1 0 1 0 0 1 0 0 0 0 1 0 0 1 0 1 0 1 0 1 0 0 0 0 0 1 0 0 1 0 0 1 1 0 1 1 0 1 0 1 0 0 0 0 0 0 0 0 1 1
1 0 1 1 1 0 0 0 0 1 0 0 1 1 0 0 1 0 0 1 1 1 1 0 0 1 1 1 0 0 0 1 0 1 1 0 1 0 1 1 1 0 0 0 0 0 1 0 1 1 0 0 0 1 1 1 0 0 0 0 0 0 0 1 1 0 0 1 1 1 0 1 0 0 0 1 1 0 0 1 1 0 1 0 0 1 0 1 1 1 1 1 1 0 0 0 1 0 0 1 0 1 0 1 0 1 0 0 1 0 1 0 1 0 1 1 1 0 1 1 0 0 0 0 0 0 0 0 0 1 1 1 1 0 0 0 0 1 1 0 1 1 0 1 0 0 0 0 0 1 0 1 1 1 0 0 1 1 0 1 1 1 1 1 1 1 0 0 1 0 0 0 0 0 1 0 0 0 1 1 1 0 0 1 1 0 0 0 0 0 0 1 0 1 1 0 1 1 0 0
0 0 1 0 0 1 0 1 1 1 1 1 0 0 1 1 0 1 0 1 1 1 1 0 1 0 1 0 1 1 0 1 0 0 0 0 1 0 0 0 0 0 1 1 0 0 1 0 1 1 1 0 1 1 1 1 1 0 1 1 0 1 1 1 0 0 1 0 0 1 1 1 0 0 0 0 0 0 0 1 0 1 1 0 1 0 1 0 1 1 0 1 1 1 1 0 1 0 0 1 0 1 0 0 0 1 1 1 0 0 1 0 1 1 0 0 0 1 1 1 0 0 1 0 0 0 1 0 1 1 0 0 0 1 0 1 1 0 1 1 1 0 1 1 1 1 1 1 1 1 0 1 1 1 1 0 0 0 1 1 0 0 1 1 0 1 0 0 1 0 0 0 0 0 0 1 0 0 1 0 0 0 0 0 0 0 0 1 0 1 0 1 0 1 1 1 1 1 1 1
0 0 0 0 1 0 0 0 0 1 1 0 1 0 1 1 0 0 0 1 1 0 1 1 0 0 1 1 1 0 1 0 0 0 0 0 1 0 1 0 1 0 1 0 0 1 1 1 1 0 0 0 0 0 1 1 1 1 0 0 1 0 0 0 1 1 1 1 1 0 0 1 0 1 0 0 0 0 0 1 1 0 0 1 1 0 1 0 0 1 1 0 0 0 1 0 0 0 1 1 1 1 0 0 1 1 1 0 1 0 0 1 1 0 0 1 0 1 1 1 0 1 1 1 1 0 1 0 0 0 1 0 1 1 1 0 0 1 1 1 1 1 1 0 1 1 0 1 0 0 0 0 0 1 0 0 0 1 1 0 0 0 1 0 0 1 1 1 1 0 1 0 0 0 0 0 1 0 0 1 1 0 0 1 1 1 1 0 1 0 1 0 1 0 1 1 1 0 1 1
0 0 1 1 1 0 1 0 1 0 1 1 0 1 1 0 0 1 0 1 1 0 0 1 0 1 1 0 1 0 0 0 1 0 0 1 0 1 1 1 0 1 0 1 0 1 0 0 1 1 1 1 0 1 1 1 0 0 0 1 0 0 0 1 1 0 1 0 1 0 0 1 1 1 0 0 0 0 0 0 0 1 0 1 1 0 1 1 0 1 1 0 1 0 0 0 1 1 0 0 1 1 0 1 1 1 1 0 1 1 1 1 0 1 0 0 1 0 0 1 1 0 1 0 1 0 1 0 1 1 1 1 0 1 0 1 0 1 1 1 0 1 1 0 1 1 0 0 1 0 1 1 1 0 0 1 0 0 0 1 1 1 0 0 0 1 1 1 0 0 1 0 1 1 1 1 0 0 1 0 1 1 0 1 0 0 1 1 0 1 0 0 0 1 0 1 0 1 0 1
0 0 1 0 1 0 0 0 0 0 1 1 0 0 1 1 0 0 1 0 0 1 0 0 1 1 1 1 0 0 0 0 0 0 0 0 0 0 0 0 1 0 0 1 0 0 0 1 1 0 0 0 0 0 1 0 1 1 0 0 1 1 1 1 0 0 0 1 0 1 0 0 0 0 1 0 1 0 1 0 1 1 0 1 1 1 0 1 1 1 1 1 0 1 0 0 1 1 1 1 1 1 1 1 1 1 1 0 1 0 0 1 1 1 1 0 1 0 1 1 1 0 1 1 1 1 1 0 0 0 1 0 0 0 1 0 0 1 0 1 1 1 0 1 1 0 0 1 1 1 0 1 0 1 0 0 0 1 1 1 1 0 1 1 1 1 0 0 0 1 0 1 1 0 0 0 0 1 0 0 0 0 1 1 1 0 0 0 1 1 0 0 1 1 0 0 1 0 0 1
1 1 1 1 0 1 0 1 1 1 0 1 1 0 1 1 0 1 0 0 0 1 1 1 1 1 1 1 1 0 1 0 1 1 1 0 0 0 1 1 1 0 1 0 0 0 0 0 1 0 0 0 0 0 0 1 0 1 1 1 0 1 0 1 1 1 1 1 0 0 1 1 0 0 1 0 0 1 1 1 0 0 1 1 1 0 1 0 0 1 0 0 0 0 1 1 0 0 1 0 0 0 1 1 1 0 1 1 0 0 1 1 0 0 0 1 1 1 1 0 1 0 0 0 1 1 0 1 1 0 1 0 0 0 1 1 1 0 0 0 0 1 1 0 0 1 0 0 1 1 1 1 1 1 1 1 1 0 1 1 0 0 1 1 1 0 1 0 1 1 0 0 0 1 0 0 0 0 0 0 1 1 0 0 0 0 0 1 0 1 0 0 1 1 1 1 1 0 0 0
1 1 0 0 1 0 0 0 0 0 1 1 1 1 0 0 0 0 1 0 0 0 1 0 1 1 1 1 0 0 0 0 1 0 0 1 1 0 1 0 1 0 0 1 1 0 0 0 0 0 0 0 1 1 0 1 1 0 0 1 0 0 0 1 1 1 0 1 1 0 0 1 0 0 1 0 0 0 1 1 0 1 1 0 1 1 1 0 1 0 0 1 1 1 0 1 0 1 1 0 0 1 0 1 0 0 1 1 1 1 1 0 1 0 0 1 0 1 0 0 1 1 0 0 1 0 0 1 1 0 0 1 1 0 0 0 1 1 1 1 0 0 0 1 0 1 0 1 0 0 1 0 1 0 0 0 0 1 0 0 1 0 0 0 1 0 0 0 0 0 1 0 1 1 1 1 1 0 0 1 0 0 1 1 1 0 1 0 0 0 1 1 0 1 0 0 1 1 0 0
1 1 0 1 1 1 1 0 0 1 0 0 0 0 1 1 1 0 1 0 1 0 0 1 0 1 1 0 1 1 0 0 1 0 0 1 1 1 0 0 1 1 1 1 1 0 0 0 0 0 0 1 1 1 1 1 1 0 0 1 0 0 1 1 0 0 1 1 1 0 1 0 1 1 1 0 0 1 0 0 0 1 0 0 1 1 1 0 1 1 1 1 1 1 1 0 0 1 1 1 0 0 0 0 0 1 0 1 0 1 0 0 0 0 1 1 0 1 1 0 0 1 1 1 0 1 0 1 1 0 0 0 1 1 1 0 0 1 1 1 1 1 1 0 0 0 0 0 1 0 1 0 0 1 0 0 1 1 0 0 1 1 0 0 0 1 1 0 1 0 1 1 0 0 1 1 0 1 1 1 1 0 1 0 0 1 1 0 1 1 0 1 1 1 1 1 0 1 1 0
1 0 0 0 0 1 1 0 0 0 1 1 0 0 1 0 0 1 1 0 1 1 1 0 0 0 0 1 1 0 1 1 0 0 1 1 0 1 0 0 1 1 1 1 1 0 0 0 0 1 0 1 1 0 1 0 0 1 0 0 0 1 0 0 1 0 1 1 1 0 0 0 0 0 0 0 0 0 1 1 0 1 0 0 0 1 0 1 1 1 1 1 1 1 1 0 0 1 0 1 0 1 0 1 1 0 0 0 1 0 1 1 1 0 0 1 1 0 0 1 0 0 1 1 0 1 1 1 0 1 0 1 1 0 0 0 1 1 0 0 0 1 1 0 0 1 0 0 0 0 1 1 1 1 0 0 1 1 1 1 1 1 0 1 0 0 1 0 0 0 1 0 0 0 0 1 0 0 1 0 0 1 1 1 1 1 0 1 0 0 1 1 1 0 0 0 1 0 1 0
0 1 1 0 0 1 0 1 0 0 1 0 0 1 0 1 1 0 0 0 0 1 0 0 0 0 0 1 0 0 0 0 1 0 0 1 1 1 0 0 0 0 1 1 1 0 1 0 1 1 0 1 0 1 0 0 1 0 1 1 1 1 0 0 1 1 1 0 1 1 0 0 0 1 0 1 0 1 0 1 0 0 1 1 1 1 0 0 0 1 0 0 0 0 0 0 1 0 0 0 1 0 1 1 1 1 0 0 1 0 1 1 1 0 1 1 0 0 0 1 1 0 0 1 1 1 0 1 1 1 0 1 1 0 1 1 1 0 0 1 0 1 0 0 1 1 1 0 0 1 0 0 1 1 0 1 1 0 0 0 1 0 0 1 1 1 1 0 0 1 0 0 1 1 0 1 1 1 1 0 1 0 1 0 0 0 0 0 1 1 1 1 1 1 0 0 0 1 0 0
1 1 1 0 0 0 1 1 0 0 0 1 0 1 0 0 1 0 0 1 1 0 1 0 0 0 0 0 1 1 0 0 1 1 1 0 0 0 1 0 1 0 1 0 1 1 0 1 1 0 1 0 0 0 0 0 0 1 0 1 1 0 0 1 1 1 0 1 0 0 0 1 1 1 0 1 1 0 0 0 0 1 0 0 1 0 1 0 0 1 0 1 1 0 0 0 0 0 1 1 1 1 0 1 1 1 0 0 1 1 0 1 1 0 1 1 0 0 1 0 1 1 1 1 0 1 0 0 0 0 1 0 1 0 0 1 1 1 0 1 1 0 1 0 1 1 1 0 0 0 1 1 0 0 1 0 0 0 1 0 0 1 1 1 1 0 0 0 0 0 1 0 0 0 0 0 1 1 0 1 0 0 1 0 1 0 0 1 0 1 0 0 0 1 0 1 1 1 0 1
0 0 1 1 1 1 0 0 1 0 0 1 1 0 1 0 1 0 0 1 0 1 0 1 0 0 0 0 1 1 1 0 0 0 0 0 0 1 0 0 0 0 0 1 0 0 0 0 0 1 0 0 1 0 1 0 1 1 0 0 0 0 0 1 1 0 1 1 1 1 0 1 1 1 0 0 0 0 0 0 1 1 0 0 1 0 0 0 0 1 1 1 1 0 1 1 1 1 0 0 1 1 0 0 0 1 0 1 1 1 1 1 1 0 1 1 1 0 0 1 1 1 0 0 1 0 0 0 0 1 1 0 1 1 1 0 1 0 1 0 0 0 1 0 1 0 1 0 1 1 1 1 1 0 0 0 0 0 1 0 0 1 1 1 1 1 0 0 1 1 1 1 0 0 0 1 1 1 1 1 0 1 1 1 1 0 0 1 0 1 1 0 1 1 0 0 1 0 0 0
1 0 1 0 1 0 0 0 0 0 1 1 1 0 1 1 0 1 1 0 0 1 0 1 1 1 1 0 0 0 1 0 0 0 1 0 0 1 1 0 1 0 1 1 0 1 0 0 1 0 0 1 0 0 1 1 0 1 1 0 0 1 0 0 0 1 0 1 0 1 1 1 1 1 1 0 1 0 1 1 0 0 0 0 1 0 1 1 1 0 0 0 1 0 1 0 1 0 1 0 0 1 0 0 0 0 1 1 0 1 0 0 0 0 0 0 1 0 1 0 0 1 0 0 0 0 1 0 0 1 0 1 0 0 1 1 0 0 1 0 1 0 1 1 1 0 0 0 0 1 1 0 1 1 0 0 0 0 0 0 1 0 1 0 0 0 0 0 0 0 0 0 1 1 0 0 1 0 0 1 1 1 1 0 0 1 0 0 0 1 1 0 0 0 0 1 1 1 0 1
0 0 1 0 0 1 1 1 1 0 1 0 0 1 0 0 0 0 0 1 0 0 0 0 0 1 0 1 0 0 0 0 0 0 0 1 1 1 1 0 0 1 0 0 1 0 1 1 0 1 1 0 0 1 1 1 0 1 1 1 0 1 1 1 0 0 1 0 1 1 1 1 0 1 1 0 0 0 0 1 0 0 1 1 1 1 1 1 0 0 1 1 1 0 1 0 0 1 1 1 0 1 1 1 1 0 0 0 0 1 1 1 1 1 0 1 0 0 0 1 0 1 1 1 1 1 0 1 0 0 1 0 0 0 1 1 1 1 0 1 0 0 1 0 1 1 1 1 0 1 1 1 0 0 1 0 0 0 0 0 0 1 0 0 1 1 0 1 1 1 1 1 0 0 0 1 0 0 1 0 1 1 0 0 0 0 1 0 0 1 0 1 0 0 0 1 1 1 0 1
1 1 1 0 0 1 1 0 1 0 1 1 0 1 0 0 0 0 0 1 0 1 1 1 1 1 0 0 1 0 1 1 1 1 1 0 1 1 1 1 1 0 0 0 1 1 1 0 0 1 0 1 0 1 1 1 1 0 0 0 0 1 1 1 1 1 1 0 0 0 1 0 0 0 0 0 0 0 0 0 1 1 0 1 1 0 1 0 0 0 0 0 0 0 1 0 1 1 0 1 0 0 0 1 0 1 0 1 1 0 0 0 0 1 1 1 1 0 0 1 0 0 1 0 1 1 1 1 0 1 1 1 1 1 1 0 0 1 1 0 1 0 1 0 0 1 0 0 0 1 0 0 0 0 1 0 1 1 0 0 1 1 0 1 1 1 1 1 0 0 1 0 0 0 1 0 1 1 1 0 0 0 1 1 0 0 0 0 0 1 0 0 1 1 0 1 1 1 1 0
1 1 1 0 0 0 0 1 1 1 0 1 0 1 1 0 1 0 1 1 1 1 0 0 1 0 0 0 1 0 0 0 0 1 1 1 0 1 1 0 0 1 1 1 1 1 0 0 1 0 1 0 1 0 1 0 0 1 0 1 1 1 0 0 0 0 0 1 0 1 0 1 1 1 1 1 1 0 0 1 0 0 1 0 0 0 0 0 1 1 0 0 1 1 0 1 1 1 1 1 0 0 0 1 1 1 1 0 1 0 1 1 0 1 0 0 1 1 1 0 0 1 0 0 1 1 0 0 0 1 1 0 0 0 0 0 1 1 1 0 0 0 0 1 0 0 0 0 1 0 1 1 1 1 0 0 0 0 1 0 1 0 0 1 1 1 0 0 1 0 0 0 0 0 0 1 1 1 0 0 1 1 1 1 0 0 1 0 1 1 0 0 0 0 0 0 0 0 0 0
1 0 1 1 1 1 1 1 0 0 1 1 1 1 1 1 1 1 0 1 1 0 0 1 0 0 1 1 0 1 0 0 0 1 0 0 0 0 1 1 0 0 1 0 1 1 1 1 1 1 0 1 1 1 0 1 1 0 1 1 1 1 0 1 1 0 0 0 1 1 1 1 1 0 1 1 0 1 0 1 0 0 0 0 0 0 0 1 0 1 1 1 0 0 1 0 0 0 0 0 0 1 0 0 1 1 0 1 0 1 0 0 0 0 0 0 0 1 1 1 1 1 1 0 1 1 0 1 1 1 0 1 0 1 1 0 1 1 0 0 0 0 1 1 1 0 0 1 0 1 1 0 1 1 1 1 0 1 1 1 0 0 0 0 0 1 1 0 0 1 0 0 0 0 0 0 0 0 0 0 0 0 1 0 1 0 0 1 1 0 0 1 0 1 0 0 0 1 1 1
1 0 0 1 0 1 0 0 0 1 0 1 1 1 1 1 0 1 1 1 0 0 0 0 0 1 0 0 0 0 1 0 0 1 1 0 0 1 0 1 1 0 0 0 0 0 0 0 1 0 0 1 1 1 1 1 1 1 0 1 1 1 0 0 1 0 0 0 0 1 0 1 1 0 0 0 0 1 1 1 0 1 1 1 0 1 0 0 1 1 1 1 1 1 1 0 0 0 1 1 0 1 1 1 1 1 1 0 0 1 1 0 1 0 0 1 1 1 1 0 1 0 1 0 1 0 1 0 1 0 0 1 0 0 1 0 1 1 1 0 1 0 0 0 0 0 0 1 1 0 0 1 0 0 1 1 1 1 0 1 0 0 1 0 1 0 0 1 1 0 1 1 1 0 1 1 0 1 0 0 1 1 0 0 1 0 0 1 0 1 1 1 0 0 1 0 0 0 0 1
1 0 0 0 0 0 0 0 0 0 1 1 1 1 0 0 1 0 1 1 0 0 0 0 0 0 0 1 0 0 0 1 1 0 0 1 1 1 0 1 1 0 1 0 0 1 1 0 0 0 0 0 1 1 1 0 0 0 0 0 0 0 1 1 1 1 0 0 1 1 0 0 0 1 1 1 1 0 0 1 0 1 0 0 0 1 0 0 1 1 0 0 1 0 0 0 0 0 0 1 1 0 1 0 0 1 0 0 1 0 1 1 0 1 0 0 1 0 1 0 0 0 0 0 0 1 1 0 0 0 1 0 0 0 0 0 1 1 1 1 0 1 0 1 1 0 1 1 0 1 1 1 0 1 1 1 1 1 1 0 0 0 1 0 0 1 0 0 1 1 0 1 1 1 0 1 1 1 0 1 0 1 1 0 1 0 0 0 0 1 1 1 1 0 1 0 1 0 1 1
1 1 1 1 1 1 1 0 0 1 0 0 0 0 1 1 1 0 1 1 0 0 1 0 0 1 0 0 0 0 0 0 1 1 0 1 1 1 1 0 1 1 1 1 1 1 1 0 1 1 0 1 1 0 0 0 0 0 1 0 1 1 0 1 1 1 1 1 0 1 1 0 1 1 0 1 1 0 0 0 0 1 0 0 1 1 1 1 0 1 1 0 0 0 0 1 1 0 1 1 0 0 0 1 0 0 0 0 1 1 1 1 1 1 0 1 0 1 0 0 1 1 1 1 0 1 0 1 0 1 1 1 0 0 1 1 0 0 1 1 0 0 0 1 0 1 1 1 0 1 1 0 1 1 0 1 1 0 0 0 0 1 0 1 0 1 0 1 0 0 1 0 1 0 1 1 0 0 1 0 0 0 1 1 1 0 1 1 1 0 1 1 0 1 0 0 0 1 0 1
1 0 0 0 1 1 0 1 1 1 1 0 1 1 0 0 0 1 0 1 0 0 1 1 1 0 1 0 0 1 1 0 0 1 1 0 1 0 1 1 0 0 0 0 1 1 0 1 0 1 0 1 0 0 0 1 1 0 0 1 1 0 0 1 0 1 0 1 0 1 1 0 1 1 1 0 0 1 1 1 0 1 0 0 1 0 1 1 1 1 0 1 1 1 0 0 1 1 0 0 0 1 1 1 1 0 1 1 0 0 0 0 0 1 1 1 0 1 1 1 1 1 0 0 1 0 1 0 1 1 0 0 1 0 1 1 1 1 1 1 1 1 0 1 0 1 0 0 0 0 0 1 1 1 1 0 1 1 0 1 0 0 0 1 0 0 1 0 0 0 1 1 0 1 1 1 1 0 0 0 1 1 1 0 0 1 0 0 0 1 1 0 0 0 1 1 0 0 0 0
0 1 0 0 1 1 1 1 0 1 1 0 0 1 0 1 1 0 1 1 1 1 1 0 1 0 0 1 0 1 1 0 1 0 1 1 0 0 0 1 0 1 1 0 0 0 0 1 1 1 0 0 0 0 1 1 1 0 0 0 0 0 1 1 1 0 0 0 0 0 1 0 1 1 1 0 0 1 1 0 1 0 0 1 0 1 1 1 0 0 1 0 0 1 1 0 1 0 1 0 0 1 1 1 0 1 0 0 0 1 1 1 1 1 1 1 0 0 1 1 1 1 0 1 0 0 0 1 0 0 0 1 1 0 0 1 0 0 0 0 0 1 0 1 1 0 1 1 0 0 1 0 1 0 0 0 0 0 1 1 1 0 0 0 0 1 0 1 1 0 0 1 1 1 0 0 1 1 0 0 1 0 1 0 1 1 1 1 1 0 1 1 0 0 1 1 1 1 0 1
0 0 1 0 0 0 1 1 1 0 0 0 0 0 0 0 0 0 1 0 1 1 1 1 0 1 1 1 1 1 1 0 1 0 1 0 0 0 1 1 1 1 0 1 0 0 1 1 0 1 0 1 0 0 0 0 0 0 1 0 0 1 1 0 1 0 1 0 0 0 1 0 1 0 1 1 0 1 1 1 1 1 0 0 0 1 0 1 1 1 1 1 0 1 1 1 0 0 1 0 0 1 1 1 0 0 0 0 1 1 1 0 1 0 1 0 0 1 0 1 1 1 0 1 0 0 0 0 0 1 0 0 0 0 1 0 0 1 0 1 0 0 0 0 0 1 0 1 0 1 0 1 0 1 0 1 0 0 1 1 1 0 0 0 0 0 0 0 0 1 0 0 0 1 1 1 1 0 0 0 0 1 1 1 0 0 0 1 1 0 0 0 0 1 1 0 0 0 0 0
0 0 1 1 1 1 0 1 1 1 1 1 1 1 1 1 0 0 0 0 1 0 0 0 1 1 1 1 0 1 0 0 1 1 1 1 1 0 0 0 1 1 1 0 1 1 0 1 0 1 1 0 0 1 1 1 1 1 0 0 0 1 0 0 0 1 1 1 1 1 0 0 1 0 1 0 0 0 1 0 0 0 0 1 0 0 0 0 0 0 0 0 0 0 1 0 0 1 0 0 1 1 1 0 0 0 1 0 1 1 1 0 1 1 0 1 0 0 1 0 1 1 1 0 0 1 0 1 0 1 0 0 1 1 1 0 1 1 0 1 0 0 1 1 0 1 1 0 0 1 1 1 1 0 0 1 1 0 1 1 1 0 1 1 0 1 1 1 1 0 0 0 1 0 0 0 1 1 0 0 1 0 1 0 1 1 0 0 1 1 0 1 0 0 1 1 1 1 0 1
0 1 0 0 1 1 1 0 1 1 0 1 0 0 0 0 0 1 0 1 0 1 0 1 0 1 1 0 0 1 0 0 1 1 1 0 0 0 1 0 1 0 1 1 0 0 0 1 0 0 1 0 1 0 0 0 0 1 0 0 0 0 0 0 1 1 0 1 0 1 1 1 1 0 1 0 0 0 1 1 0 1 0 0 1 0 1 1 0 1 1 0 0 1 1 0 1 1 0 0 0 1 1 0 1 0 1 1 1 1 0 1 0 0 1 0 0 0 0 1 1 0 1 0 0 1 1 0 1 0 1 1 1 1 1 0 1 1 1 1 1 1 0 0 1 0 1 0 0 0 0 0 0 1 0 1 1 1 1 0 1 1 0 1 0 0 1 0 1 0 0 1 1 1 1 1 0 1 1 0 0 1 0 1 1 0 1 1 1 1 0 1 1 1 1 0 1 0 0 1
1 1 0 1 0 0 0 1 0 1 1 0 1 0 1 0 1 0 0 0 0 1 0 1 1 0 1 1 0 1 1 1 0 0 1 0 0 1 1 0 0 0 1 1 1 1 1 1 0 1 1 0 0 0 1 0 1 0 1 0 0 1 1 1 1 0 0 0 1 1 0 1 0 0 0 0 0 1 1 1 0 0 1 0 1 0 1 0 1 1 0 0 0 1 1 0 0 1 1 0 1 0 0 1 0 0 0 0 1 1 1 1 1 1 0 0 1 1 0 1 1 1 1 1 0 0 0 0 0 0 1 0 0 1 0 1 1 0 0 1 1 0 1 1 1 0 1 1 1 1 0 0 0 0 1 1 0 1 1 0 0 1 1 0 0 0 1 0 1 1 1 1 1 1 0 1 1 1 1 1 1 1 1 1 0 1 0 1 0 1 0 1 0 0 1 0 1 1 1 1
1 1 1 0 0 1 0 0 1 0 1 0 1 0 1 1 0 0 0 1 0 0 1 0 0 1 1 1 1 0 0 1 1 1 1 0 0 0 1 1 0 0 0 0 1 1 0 1 1 1 1 1 1 0 1 1 1 1 0 0 1 0 0 1 0 0 1 0 0 1 0 1 0 0 1 0 1 0 0 0 1 0 1 0 0 1 0 1 0 0 1 1 0 0 0 0 0 0 1 1 1 0 1 1 1 1 1 1 1 0 1 0 0 0 0 0 0 1 1 0 0 0 1 0 1 0 0 0 1 1 1 1 1 0 1 0 0 0 1 1 0 1 0 0 1 1 0 0 0 1 0 1 1 1 0 1 1 1 0 1 0 0 1 0 1 1 0 0 0 1 0 1 0 1 0 1 1 0 1 1 0 1 0 0 1 1 0 1 0 0 0 0 0 0 0 0 0 0 1 1
1 0 0 1 0 1 1 0 1 0 1 1 0 0 0 1 0 0 1 1 0 0 0 1 1 1 1 0 1 1 1 0 1 0 0 1 1 1 1 0 1 0 0 0 1 0 1 0 0 1 1 0 0 0 0 0 0 0 1 0 1 1 0 1 0 0 1 1 0 0 1 0 0 1 0 1 0 1 0 0 0 1 0 1 0 1 1 0 1 1 0 1 0 0 0 1 0 0 0 1 1 0 1 1 1 0 0 1 1 0 0 1 0 1 1 1 1 1 1 0 0 1 1 0 0 1 0 0 0 0 0 1 1 1 1 1 0 0 0 1 0 0 0 1 0 0 1 1 1 0 1 0 1 1 1 1 0 1 0 0 1 0 1 0 0 1 1 1 1 1 1 0 0 1 0 0 1 0 1 1 1 0 0 0 0 0 1 0 0 0 0 1 0 0 0 0 0 0 0 1
0 1 0 0 1 1 1 1 1 0 1 0 0 1 1 0 1 0 0 0 0 0 0 1 1 0 0 0 1 1 0 0 0 0 1 0 0 0 0 0 0 1 0 0 1 1 0 1 0 1 0 1 0 0 0 0 1 1 1 1 0 0 0 0 0 0 1 0 1 1 0 1 1 0 1 1 1 0 0 0 1 0 1 0 1 0 1 1 0 1 0 1 0 0 0 0 0 0 1 1 0 0 0 1 0 1 0 1 0 0 1 0 1 1 1 1 0 0 0 1 1 0 1 0 0 0 1 1 1 0 1 1 0 1 0 1 1 1 1 0 1 0 0 1 1 0 0 1 0 1 0 0 1 1 0 1 0 0 0 1 0 0 1 0 0 1 1 1 0 1 1 1 0 0 0 0 1 0 1 1 1 1 1 1 1 1 1 0 0 0 0 1 0 1 1 1 0 1 1 0
0 1 1 1 1 0 0 0 1 1 1 1 1 0 0 1 0 1 1 1 0 0 0 1 0 0 0 1 1 1 1 0 1 0 1 1 1 0 0 1 1 0 1 0 0 0 1 0 0 0 0 0 0 1 0 0 1 0 1 0 1 0 1 1 0 0 0 0 1 1 0 0 1 1 1 1 0 0 0 1 1 1 0 1 0 0 0 1 0 1 0 1 1 0 1 0 1 0 1 1 0 0 1 0 1 0 0 0 0 1 1 0 0 1 0 1 0 0 0 0 0 1 0 0 0 0 0 1 1 0 0 1 1 1 0 1 1 0 1 0 0 1 0 1 1 1 1 0 1 0 1 0 1 1 1 0 1 0 1 0 0 1 0 1 0 0 1 1 0 1 0 0 0 1 1 0 0 1 0 0 1 0 1 0 1 1 1 0 0 0 0 1 1 1 0 0 1 1 0 0
0 1 0 0 0 0 0 0 0 1 1 1 0 1 0 0 0 1 0 0 1 1 1 0 0 0 0 0 1 1 0 0 0 0 1 1 1 1 1 1 1 1 0 0 1 0 1 1 0 1 0 0 1 1 0 0 0 1 1 1 1 1 1 0 0 1 0 0 0 1 0 0 1 0 1 0 1 0 0 1 1 0 1 1 0 0 0 0 0 1 1 0 1 0 1 1 1 1 1 0 1 1 0 0 0 0 0 1 1 0 1 1 0 1 0 0 0 1 0 1 0 1 1 1 0 0 1 1 1 0 0 1 1 1 1 0 1 0 1 1 0 0 1 0 0 1 1 1 1 1 1 0 1 0 0 1 0 0 0 1 0 0 1 0 0 0 1 1 1 1 1 1 0 1 0 1 0 1 1 1 1 0 1 0 0 0 0 1 0 1 0 0 0 1 0 1 0 1 0 0
1 1 0 1 1 1 1 0 1 0 0 0 1 1 0 1 1 0 0 0 0 0 1 1 1 1 0 0 0 1 0 0 0 1 0 0 1 0 1 1 0 1 0 0 1 1 0 1 0 0 1 0 0 0 1 1 1 0 1 0 0 0 0 1 1 0 1 1 1 0 1 0 0 1 0 1 0 1 0 0 0 1 1 0 1 1 1 1 0 0 0 0 0 0 0 0 1 1 0 1 1 1 1 0 1 1 1 1 0 0 1 0 1 1 0 0 1 1 1 0 0 0 1 0 1 1 0 1 1 1 0 0 1 0 1 0 0 1 1 1 0 0 0 0 1 1 1 1 0 1 0 0 0 0 0 1 1 1 0 1 1 0 1 1 0 1 1 0 0 0 0 1 1 1 0 0 1 0 1 0 0 1 1 1 1 1 1 1 0 1 0 1 0 0 0 1 0 1 1 0
1 1 1 1 1 0 1 1 0 0 1 1 0 0 0 1 1 0 1 0 0 1 0 0 0 0 1 1 0 0 1 0 1 0 0 1 1 1 1 1 1 0 0 1 1 1 0 0 0 1 1 1 1 0 1 1 1 0 0 1 1 0 0 0 0 0 0 0 0 1 0 1 0 0 1 1 1 1 0 1 0 0 1 0 0 1 0 0 1 1 0 1 1 0 0 1 1 0 0 0 1 1 1 1 1 1 0 1 0 0 0 1 1 0 0 1 0 0 0 0 1 0 0 0 1 1 1 1 0 0 0 0 1 0 0 0 0 0 0 1 0 1 0 0 0 1 0 0 1 1 1 0 1 0 0 0 1 1 0 0 1 1 1 0 1 1 1 0 0 0 1 1 0 1 0 1 1 1 0 1 1 0 1 1 1 0 1 1 0 0 1 0 1 1 0 0 1 0 0 1
1 1 0 0 0 1 1 0 1 0 1 1 1 0 1 1 0 1 1 1 1 0 0 0 1 0 0 1 1 1 0 0 0 1 0 1 0 0 1 0 0 0 1 0 0 1 0 1 0 0 1 0 0 0 1 1 1 1 0 0 0 0 1 1 1 0 0 0 0 0 0 0 0 0 1 0 0 0 1 1 1 1 0 0 1 1 0 0 0 1 0 0 1 0 0 1 0 1 1 0 1 0 1 1 0 0 0 0 1 1 0 1 0 1 0 0 0 1 0 1 1 0 0 0 0 0 0 1 0 1 0 1 1 0 1 1 0 0 0 0 1 0 1 0 1 1 1 1 1 0 1 1 1 1 0 0 0 1 1 0 0 0 0 0 1 0 0 1 0 0 1 0 0 0 1 1 0 1 0 1 1 1 0 1 0 0 0 0 1 1 1 0 1 1 1 0 0 0 0 0
1 0 0 0 0 0 1 0 0 0 1 1 1 1 0 1 0 0 0 0 1 0 1 0 0 1 0 0 0 0 1 0 1 0 0 1 1 1 0 1 1 0 0 0 1 1 0 0 1 0 0 0 1 1 1 0 0 1 1 0 1 1 1 0 0 1 0 0 1 1 1 1 1 1 1 0 1 1 0 1 1 0 0 1 0 0 0 1 1 0 0 0 1 0 1 1 1 1 0 0 1 1 0 0 0 1 1 1 1 0 0 0 0 1 1 0 1 0 0 0 0 1 1 1 0 1 0 1 0 0 1 0 0 0 1 0 0 0 1 1 0 0 0 1 0 1 0 1 0 1 0 0 0 1 1 0 0 0 0 1 1 0 0 1 1 0 1 1 0 1 1 0 0 0 1 1 0 0 0 0 0 1 1 1 1 0 1 0 1 1 0 0 1 0 0 0 1 0 1 0
1 0 0 0 1 0 0 0 0 1 1 0 0 1 1 0 0 1 1 0 1 1 1 0 0 1 0 0 1 0 0 1 1 0 0 1 0 1 1 0 1 0 1 1 0 1 0 0 1 0 0 0 1 0 0 1 1 1 0 0 0 1 1 1 0 0 0 1 0 1 1 1 1 1 1 1 1 0 0 0 1 0 0 1 0 1 1 0 1 1 1 1 0 1 0 1 1 0 0 0 0 1 1 0 1 0 1 1 1 0 1 0 0 1 0 1 1 1 0 1 0 1 0 0 1 1 1 1 1 1 0 1 1 0 0 0 1 0 1 1 1 0 1 0 0 0 1 0 0 1 0 0 0 0 1 1 0 1 1 1 1 1 0 1 0 1 1 1 1 1 0 0 1 1 1 0 1 1 0 0 0 0 1 0 0 0 1 1 1 1 1 1 1 0 1 0 1 0 0 0
0 0 1 1 1 1 1 0 1 1 1 0 1 0 0 0 0 0 0 0 0 1 0 1 0 1 0 0 1 1 1 0 0 0 1 1 1 1 1 0 1 0 1 1 0 1 0 1 1 0 1 0 1 1 1 1 0 0 0 0 1 1 1 0 0 1 0 0 1 0 1 1 0 0 1 0 0 1 0 1 1 0 1 1 1 0 0 0 1 0 1 0 0 0 1 0 0 0 1 1 1 0 1 1 0 1 1 1 0 1 0 0 1 0 1 1 0 0 1 1 0 1 0 0 0 1 1 1 1 1 1 0 1 1 0 0 0 0 0 0 1 1 0 0 0 0 1 0 0 1 1 0 0 1 1 0 0 1 0 0 1 0 1 1 1 0 1 0 1 1 0 0 0 1 1 0 0 1 1 1 0 1 1 0 1 0 1 0 0 1 0 0 0 1 1 1 0 0 0 1
0 1 0 1 0 0 1 1 0 1 1 1 0 0 1 1 1 0 1 1 1 1 1 0 0 1 0 1 0 1 0 0 0 1 0 1 1 0 0 0 1 1 1 1 0 1 1 1 1 0 1 0 0 1 0 0 0 0 0 1 0 1 0 0 1 0 0 1 1 0 0 1 1 0 1 0 0 0 0 1 1 1 1 1 1 1 0 0 0 0 1 0 0 0 0 1 0 1 1 0 0 0 0 1 1 0 0 1 1 1 1 1 0 0 1 0 0 1 0 1 1 0 0 0 0 1 0 0 0 0 0 0 0 0 0 1 1 1 1 1 1 1 1 0 0 0 0 1 1 1 0 0 0 1 0 0 1 0 0 1 0 0 0 1 1 0 1 1 1 1 1 0 1 0 0 0 1 0 1 0 0 1 1 0 1 0 1 0 0 0 0 1 0 1 0 0 0 0 0 0
0 0 1 0 1 0 0 1 1 0 0 0 0 0 0 0 0 0 0 0 1 0 1 1 1 1 1 0 0 0 0 1 1 1 0 1 0 0 0 1 0 0 1 0 0 0 1 0 0 1 1 1 1 0 0 1 1 1 0 0 0 1 1 1 1 1 1 0 0 0 0 1 0 0 1 0 0 1 1 1 1 1 1 1 1 0 1 0 1 0 0 0 1 0 1 0 0 1 1 0 0 1 0 0 0 0 1 1 1 1 1 1 1 0 1 0 0 0 0 0 1 0 1 0 1 1 1 0 1 0 1 0 1 0 0 1 0 1 1 0 0 1 0 0 1 0 0 0 0 0 0 1 0 0 0 0 0 0 1 0 1 0 1 1 1 0 1 0 0 0 1 0 1 0 0 1 1 1 0 0 0 1 0 1 0 1 1 0 1 0 0 1 1 1 0 1 0 0 1 0
0 1 1 0 1 0 0 1 1 0 1 0 1 0 1 1 0 0 1 0 1 1 0 1 1 0 0 1 1 1 1 0 1 1 0 1 0 1 0 0 0 1 0 0 1 0 1 1 0 0 1 1 0 0 0 0 1 0 1 0 0 1 1 0 1 0 1 1 1 1 0 1 1 1 0 1 0 1 1 1 0 1 1 0 0 1 0 1 1 1 0 1 0 1 0 0 1 0 1 1 0 0 0 1 0 1 0 0 1 0 0 0 1 1 1 1 0 1 0 1 1 1 1 0 1 1 1 0 1 1 0 0 1 0 0 1 1 0 1 0 1 1 1 1 0 0 0 0 1 0 1 1 0 1 0 0 0 0 0 0 0 1 1 0 0 1 1 1 0 1 1 0 0 1 0 1 1 1 0 0 1 0 1 0 1 1 0 1 0 1 1 0 0 1 0 1 0 1 0 0
0 0 0 0 1 1 0 0 1 1 1 0 1 1 0 1 0 0 1 1 0 1 0 0 1 0 0 1 1 1 1 1 0 1 1 1 1 1 1 0 0 0 1 0 0 0 0 1 0 1 1 0 1 0 1 0 1 1 0 0 0 0 0 0 0 0 0 0 0 1 0 0 0 0 1 0 1 1 0 0 1 1 1 0 0 0 1 0 1 0 1 1 0 0 1 0 0 0 1 0 1 1 0 0 1 0 0 1 1 1 1 1 0 1 1 1 1 1 0 1 1 0 1 1 0 0 0 0 0 0 0 1 1 0 1 1 0 0 0 1 1 1 1 0 1 0 1 1 1 1 1 1 1 0 0 0 0 0 1 1 0 1 1 1 0 0 1 0 1 1 0 1 1 1 1 1 0 1 1 1 0 1 0 0 0 0 1 1 1 0 1 1 1 0 1 0 1 0 0 1
1 0 0 0 0 1 0 1 1 1 0 1 0 1 0 1 0 0 1 1 1 0 1 1 1 1 0 0 0 0 1 0 0 0 0 1 1 1 1 1 1 1 0 0 1 1 0 1 1 0 0 1 1 1 0 1 0 1 0 0 1 1 1 0 0 1 0 1 0 0 0 1 1 0 0 1 1 0 0 0 0 0 0 1 0 1 0 0 0 0 0 1 0 1 0 1 1 0 1 0 0 1 0 1 0 0 0 1 1 0 1 0 0 0 1 1 0 1 1 1 1 0 1 1 0 0 0 0 1 0 1 0 1 0 0 1 1 1 1 1 0 0 0 0 0 1 1 1 0 1 1 1 1 0 1 1 0 1 1 0 1 1 1 1 0 1 1 0 1 1 0 1 0 0 1 1 1 1 1 1 0 0 1 0 1 0 1 0 0 0 0 0 1 0 1 0 1 1 0 0
1 1 1 1 0 0 0 1 0 1 1 1 0 0 0 1 1 1 0 1 1 1 1 0 1 0 0 1 1 0 0 0 0 0 0 1 1 1 0 1 0 0 0 1 1 0 0 1 1 0 1 0 0 0 0 1 0 0 0 1 0 1 0 0 1 0 0 1 0 0 1 1 0 1 0 0 1 1 0 0 1 1 0 1 0 1 0 0 0 0 1 0 1 1 1 0 1 1 1 1 0 1 1 1 1 0 1 0 0 0 1 1 1 0 0 0 1 1 0 0 1 1 1 1 1 0 0 0 0 0 1 1 0 1 1 0 1 0 0 0 0 0 1 0 1 0 0 0 1 1 0 0 0 1 0 1 0 0 0 1 1 1 0 1 0 1 0 0 1 0 1 1 0 1 1 1 1 0 0 0 1 0 1 0 0 1 1 0 0 1 1 1 0 1 0 0 0 0 0 1
0 1 1 1 0 1 0 0 0 1 1 0 1 0 0 1 1 0 0 0 1 0 1 0 0 1 0 0 0 0 0 1 0 0 1 0 0 1 0 1 0 0 0 1 0 0 1 0 1 1 1 1 1 0 1 1 1 1 0 0 1 0 1 0 1 0 0 0 0 1 0 0 1 1 0 0 1 1 0 1 0 0 0 0 0 0 1 1 1 0 1 0 1 0 1 1 0 1 0 0 1 1 1 1 1 0 0 0 1 1 0 1 1 1 0 0 1 1 0 1 0 0 1 0 0 1 0 0 0 0 1 0 0 1 0 0 1 1 1 1 1 1 1 0 1 1 1 1 0 0 1 1 0 0 0 1 1 1 0 0 1 0 1 1 0 1 0 1 1 1 1 0 1 1 0 0 0 1 1 1 1 0 0 0 0 1 0 0 0 1 1 0 0 0 1 0 0 0 1 0
1 0 0 0 1 1 0 1 0 0 1 1 1 0 0 1 1 1 0 0 1 1 0 0 0 0 1 0 1 0 0 0 0 1 1 0 0 0 1 0 1 1 0 0 1 0 0 0 1 0 0 1 1 0 0 1 0 0 0 0 0 0 1 1 0 0 0 1 0 1 1 1 0 1 1 1 0 1 0 0 1 0 0 0 1 1 0 0 1 0 1 0 1 1 0 1 1 1 1 0 1 0 1 0 1 1 0 0 0 1 1 1 0 0 1 1 0 0 0 1 1 0 0 0 1 0 0 1 1 0 0 0 1 1 1 1 0 1 0 1 1 0 1 1 1 1 1 0 1 1 0 1 0 0 1 1 0 1 0 0 1 1 0 1 1 1 0 1 0 1 1 1 0 1 1 0 0 1 1 0 1 0 0 0 0 0 0 1 1 0 0 1 0 1 1 1 1 0 0 1
0 1 0 0 1 0 0 0 0 0 1 1 1 0 0 1 1 0 0 1 0 1 0 1 0 0 0 0 0 0 1 0 1 0 0 0 0 1 1 1 1 0 0 0 0 0 0 1 1 1 1 0 1 0 1 0 1 0 0 1 0 1 1 1 0 0 0 0 1 1 1 1 1 1 0 1 1 0 1 1 0 0 0 0 0 0 0 1 1 0 0 1 0 0 1 0 1 1 0 0 0 0 1 0 0 0 1 0 1 1 0 0 0 1 0 1 0 0 0 0 1 1 0 0 0 1 0 1 1 1 0 0 1 0 0 1 0 0 0 0 1 0 1 0 0 0 1 1 0 1 1 1 0 1 1 0 0 1 0 1 0 1 1 0 0 0 1 1 1 1 1 1 0 0 0 0 1 0 1 0 1 0 0 1 1 0 1 1 0 1 1 1 1 1 1 1 1 1 0 1
1 1 0 1 1 0 1 0 1 0 0 0 0 1 1 0 1 1 0 1 0 1 1 0 0 0 1 1 0 1 1 1 0 1 1 0 0 0 1 0 1 0 1 1 1 0 0 1 1 1 1 0 0 0 0 1 0 0 0 0 0 0 1 1 1 0 1 1 0 0 1 1 0 0 0 0 1 0 0 0 1 0 0 1 1 1 1 0 0 0 1 0 1 0 0 1 0 0 0 1 1 0 1 0 0 1 1 0 0 0 1 1 1 0 0 0 0 0 0 0 0 1 1 0 0 0 1 1 0 0 0 1 0 1 0 1 0 0 0 1 1 0 0 0 0 1 1 0 0 0 0 0 1 0 0 0 1 1 0 0 0 0 0 0 0 0 0 0 1 1 0 0 0 0 1 0 0 0 1 1 1 1 1 0 0 0 1 1 1 0 1 1 0 0 1 0 0 1 1 1
1 1 1 1 0 0 1 0 1 0 0 0 1 1 1 0 1 1 1 0 1 0 1 0 1 1 0 1 1 1 0 0 1 1 1 0 1 0 1 1 0 0 1 0 1 0 1 1 0 1 1 0 0 0 0 1 0 0 1 1 1 0 0 0 0 0 0 0 0 0 1 0 1 1 1 1 1 0 1 0 1 0 0 1 0 0 0 1 0 0 0 0 0 1 0 1 1 0 1 1 0 0 0 0 0 0 0 0 0 0 1 1 0 1 0 0 1 1 0 0 1 0 0 1 1 1 1 0 1 1 0 0 0 1 1 1 1 0 0 0 1 0 0 1 1 1 0 0 0 1 0 1 0 0 1 0 1 0 0 0 0 0 1 0 1 0 0 1 1 1 1 0 0 0 1 1 1 0 1 0 0 0 0 1 1 0 1 1 1 0 1 1 1 1 0 0 0 1 0 1
0 0 1 0 1 0 1 0 0 1 1 1 1 1 1 1 0 1 0 1 0 0 1 0 1 1 1 1 1 0 0 0 0 1 1 1 0 0 1 1 0 1 0 1 0 0 1 0 1 0 0 1 1 1 1 0 0 0 1 1 1 1 1 0 0 0 1 0 0 0 0 0 0 1 1 0 1 0 0 1 0 0 0 0 1 1 1 1 0 0 0 1 1 1 1 1 1 0 1 1 1 1 1 0 0 0 1 0 1 0 0 0 0 1 0 1 0 0 0 1 0 0 0 0 0 0 1 1 1 1 1 1 1 1 0 1 1 0 0 0 1 0 1 1 0 1 0 0 1 0 0 0 0 0 0 1 0 1 0 1 0 0 1 0 0 0 0 1 0 0 1 0 1 1 0 0 0 1 0 0 0 0 0 0 1 1 1 1 1 1 1 1 1 0 0 1 1 0 0 0
0 0 1 0 1 1 1 0 0 0 0 1 0 1 0 1 0 0 0 0 1 1 0 0 0 0 0 1 0 1 0 0 1 1 0 1 1 0 1 0 1 0 0 1 1 1 0 1 0 1 1 1 0 1 1 1 1 0 1 1 0 0 1 0 0 0 0 1 1 0 1 1 0 1 0 0 1 1 1 1 0 0 0 0 0 0 0 1 1 0 1 1 1 1 0 1 0 1 0 0 0 1 0 0 1 0 0 0 1 1 0 0 0 1 1 0 0 0 1 1 0 0 1 1 1 1 1 0 1 1 1 0 0 1 0 1 1 0 1 1 0 1 0 1 1 0 0 0 0 1 0 1 0 1 1 0 0 1 0 1 0 1 0 1 1 0 0 1 1 0 1 0 0 1 1 1 1 1 1 0 1 0 1 1 1 1 1 0 1 0 0 0 0 1 0 0 1 0 1 1
0 0 1 1 0 0 1 0 0 0 1 1 1 0 0 0 1 0 1 0 1 1 0 0 0 0 0 1 1 1 0 0 0 1 1 1 0 0 0 0 0 0 1 1 0 0 0 1 0 0 0 0 1 0 0 1 1 1 1 1 0 0 0 1 1 0 0 0 0 1 1 0 1 0 0 0 1 1 1 1 0 0 1 0 0 0 0 1 1 0 1 0 0 0 0 0 1 0 1 1 0 1 1 0 0 0 0 0 1 1 0 0 0 0 1 1 0 0 0 1 1 1 0 1 0 1 1 0 1 0 0 1 0 1 0 1 1 0 0 0 1 1 0 0 0 1 1 0 0 0 1 0 0 1 1 1 0 1 1 0 1 1 1 0 1 0 0 0 0 1 0 0 1 0 0 1 1 0 1 0 0 0 0 0 1 0 1 0 0 1 1 1 0 1 1 0 1 1 1 0
0 0 0 0 1 1 0 1 1 1 1 1 0 1 0 1 0 0 0 0 1 0 0 1 0 1 1 0 1 0 1 0 1 0 0 1 0 0 0 1 1 0 1 0 0 0 0 1 0 0 1 1 1 0 1 0 1 0 0 1 0 1 0 1 1 0 0 0 0 1 0 1 0 0 0 0 0 0 0 0 0 0 1 0 0 1 0 1 0 0 0 1 1 1 0 1 1 0 0 1 1 1 0 1 0 1 1 1 0 1 0 0 0 0 1 1 0 0 1 0 0 0 1 0 0 0 1 1 1 0 1 0 1 1 0 1 1 1 1 0 1 1 1 1 0 1 1 0 1 0 1 0 0 1 1 1 0 1 0 0 1 1 1 0 0 1 0 1 0 0 1 0 1 1 1 1 0 1 0 0 0 1 1 1 1 1 1 1 1 0 1 1 0 0 0 1 0 0 1 0
0 0 1 1 1 1 1 0 0 0 1 0 0 1 0 1 0 0 0 1 1 1 0 1 0 0 0 0 1 1 0 1 0 1 1 1 0 0 1 1 0 0 1 1 0 0 0 0 1 1 1 0 0 0 1 1 1 1 1 1 0 1 1 1 0 0 0 0 0 1 1 1 0 1 0 0 0 1 0 0 1 1 0 0 0 0 0 1 1 1 0 1 0 1 0 1 0 1 0 0 0 0 0 0 0 1 1 0 1 0 1 1 0 1 1 0 0 1 0 0 1 0 1 0 1 0 1 1 0 0 0 0 0 0 1 1 1 1 1 0 0 0 0 1 1 1 1 1 0 0 0 1 1 1 1 1 1 0 1 1 0 1 0 0 0 0 1 1 0 0 0 0 1 1 0 0 1 0 1 0 0 1 1 0 0 0 1 1 1 0 1 0 0 0 1 1 1 0 1 1
1 1 0 0 0 0 1 1 0 1 1 0 0 0 0 0 1 1 0 0 1 0 1 1 1 0 0 1 0 1 0 1 1 0 0 1 1 0 1 1 0 1 1 0 0 0 0 1 1 0 0 1 0 1 1 1 0 0 0 0 0 0 0 0 0 1 0 1 0 0 1 1 0 1 0 0 0 0 0 0 1 0 0 0 1 0 0 0 1 1 1 1 1 1 0 0 0 0 1 1 1 1 0 0 0 0 1 1 1 0 1 1 0 0 1 1 0 1 0 1 1 1 0 0 0 0 1 0 1 1 1 0 0 0 1 0 0 1 1 1 0 1 1 0 1 1 1 1 0 0 0 1 0 1 0 1 1 1 1 1 1 0 0 0 0 0 1 0 0 1 1 1 1 0 0 1 1 0 0 0 1 0 1 1 1 1 0 1 0 0 0 1 1 1 0 0 0 1 0 0
0 1 1 0 1 1 0 1 0 1 1 1 0 0 1 0 0 1 0 1 1 1 0 1 1 1 1 0 0 1 1 1 1 1 1 0 0 1 0 0 0 0 0 1 0 0 0 1 0 1 1 0 1 1 1 1 1 0 1 1 0 1 1 0 1 0 0 0 1 0 0 0 0 1 0 0 0 1 0 1 0 1 0 0 1 1 0 1 1 0 0 1 1 1 0 1 0 1 1 0 1 0 1 1 0 0 0 0 1 0 0 1 1 0 0 1 1 1 0 1 1 1 0 0 0 0 1 0 1 1 0 1 1 0 0 0 0 1 1 0 0 0 0 1 0 1 1 1 1 0 0 0 0 1 0 1 0 1 0 1 0 0 1 1 1 1 0 0 1 1 0 0 0 0 0 0 1 0 1 0 1 1 0 0 0 0 1 1 0 1 0 0 0 1 0 0 0 1 0 0
1 0 0 0 0 0 0 1 1 1 1 0 1 1 1 1 0 0 1 1 0 0 0 0 0 0 0 0 0 0 0 1 0 0 1 0 1 0 1 0 1 0 1 1 1 1 0 1 1 0 0 1 0 1 0 0 1 0 0 0 0 0 0 1 0 0 0 1 0 1 0 0 0 1 1 0 1 0 0 0 0 1 0 1 1 1 0 1 0 0 1 1 0 0 0 1 0 0 1 0 0 1 1 1 1 0 0 0 1 0 1 0 1 0 0 0 0 0 1 1 1 0 0 0 1 0 1 0 1 1 0 0 1 0 1 1 0 1 0 0 1 1 1 0 1 1 1 0 1 0 0 1 1 0 1 0 0 0 1 1 0 1 1 1 1 0 0 0 1 1 0 1 1 0 0 1 0 0 1 0 0 0 0 1 1 1 0 0 0 0 1 0 0 0 0 1 1 0 1 1
0 0 0 1 0 1 0 1 1 1 0 1 0 1 0 1 0 1 1 0 0 0 0 1 1 0 1 0 0 1 0 1 1 1 1 0 0 1 0 1 1 0 0 0 0 1 0 1 0 0 0 1 0 1 0 1 0 0 0 0 0 1 0 0 0 0 0 1 1 1 0 0 0 1 0 1 0 0 1 1 1 1 1 0 0 0 0 0 1 0 1 1 1 1 1 0 0 1 1 0 1 0 0 1 1 0 1 0 0 1 1 0 0 1 0 0 0 1 0 0 1 1 0 0 0 0 1 0 1 0 0 0 0 0 1 0 1 1 0 1 1 1 1 0 1 0 0 0 0 0 0 0 1 0 0 0 0 0 1 0 1 0 1 0 1 0 1 1 0 1 1 0 0 1 0 1 0 0 0 1 1 1 1 0 0 1 0 0 0 0 0 1 1 0 1 1 0 0 0 1
1 0 0 1 1 0 0 0 1 0 1 1 1 1 0 0 0 1 1 1 1 1 1 1 1 1 1 1 1 0 1 0 1 0 0 1 1 0 1 1 1 0 1 0 0 0 1 1 0 0 0 0 1 1 0 0 1 0 1 1 0 1 0 1 0 0 0 1 1 0 1 0 0 1 1 0 1 1 0 1 1 1 1 0 1 1 1 1 0 1 0 1 0 0 0 0 0 1 0 1 0 0 1 0 1 0 1 1 1 1 1 0 1 1 1 1 0 1 0 1 0 0 0 0 1 0 1 1 1 0 0 1 1 1 1 1 1 0 0 0 1 1 0 0 1 0 1 1 0 0 1 1 1 1 1 0 0 0 0 0 1 0 1 1 0 1 0 1 0 0 1 1 1 1 1 0 1 0 1 0 0 1 1 1 0 1 0 0 0 0 0 0 0 1 0 1 0 1 1 0
0 1 1 0 1 0 0 0 1 1 1 1 1 1 1 0 1 1 1 0 0 0 0 0 0 0 1 0 0 0 1 0 0 1 0 0 0 0 0 0 1 1 0 0 1 1 0 0 1 1 0 1 1 0 1 0 1 1 0 0 1 1 0 1 1 1 0 0 0 0 0 1 0 0 1 0 1 1 0 1 0 1 0 1 0 0 0 1 1 1 0 0 0 1 1 1 0 1 1 1 0 0 0 1 0 1 0 0 1 1 0 1 0 0 0 1 0 1 1 0 1 1 0 1 1 1 0 0 0 1 0 1 0 1 1 1 0 1 1 1 0 0 1 0 1 1 1 1 1 1 0 1 0 0 1 1 0 0 1 1 0 1 0 1 0 0 1 0 1 1 0 0 1 1 0 1 0 1 1 0 1 0 0 0 0 1 1 0 0 0 0 0 1 1 0 0 1 1 0 0
0 1 0 1 1 0 0 0 0 1 0 0 0 1 1 0 0 0 1 1 1 0 1 0 0 1 0 0 1 0 0 0 0 0 1 1 1 0 0 0 0 0 1 0 0 1 0 0 1 1 0 0 0 1 0 0 1 0 0 1 0 1 0 0 1 1 0 1 0 1 0 0 1 1 0 0 1 0 1 1 1 1 1 1 0 1 1 1 1 1 1 0 1 1 0 1 0 0 1 1 0 1 1 1 0 0 0 0 0 0 0 0 0 0 1 0 1 0 0 1 1 0 1 1 1 0 0 1 0 0 1 1 0 1 0 0 1 0 0 0 1 0 0 1 0 1 1 1 0 1 0 1 0 0 0 1 0 1 0 0 1 0 0 0 0 1 0 1 0 0 0 1 1 0 0 0 0 1 1 0 0 1 0 0 0 1 1 1 1 1 1 1 1 0 1 0 0 0 1 0
0 0 0 1 0 1 1 1 0 0 1 0 0 1 1 0 0 1 1 0 0 1 0 1 0 1 0 0 1 1 0 1 0 0 1 0 1 0 0 0 0 1 0 0 0 1 1 0 1 0 1 0 1 0 0 0 0 0 1 0 0 1 1 1 0 1 1 0 0 1 0 1 0 0 1 0 1 0 0 1 0 1 0 0 1 1 1 1 0 1 1 0 1 0 1 0 1 0 0 1 1 1 0 0 0 0 1 1 1 1 0 1 0 1 1 1 1 0 1 1 0 1 1 1 1 0 1 1 0 0 1 1 0 1 0 1 0 1 0 0 0 1 1 1 1 0 0 0 0 1 0 1 1 0 1 1 1 1 0 0 0 1 1 1 1 0 0 1 0 1 1 1 1 0 0 1 0 1 1 1 1 1 0 1 0 0 1 0 0 0 0 1 0 1 0 0 1 0 1 0
0 1 1 1 0 1 0 0 0 0 0 1 1 1 1 1 1 0 1 1 0 0 0 0 0 0 0 0 0 1 0 1 1 1 0 1 0 0 1 1 1 0 0 0 0 0 1 1 0 0 1 0 1 0 0 1 0 0 1 1 1 0 1 1 1 0 1 0 0 0 1 1 0 1 0 0 0 0 0 0 0 0 0 1 1 0 0 1 1 0 0 0 0 1 0 0 0 1 1 0 0 0 0 0 1 0 0 1 0 1 0 0 1 0 1 1 1 0 0 0 0 0 1 1 0 0 1 0 0 0 1 1 0 0 1 0 0 0 1 0 1 1 1 1 0 0 0 1 0 0 0 0 0 0 1 1 0 1 0 0 0 1 1 1 1 0 0 0 0 1 1 1 1 0 0 0 0 1 0 1 0 1 0 0 1 1 0 1 0 0 1 1 1 1 1 0 1 0 1 1
1 1 0 0 1 0 0 1 1 1 0 0 1 1 0 1 1 0 1 0 0 0 1 1 1 0 1 0 0 0 0 1 1 0 1 0 1 1 1 1 0 0 1 1 1 0 1 1 1 1 0 0 0 1 1 0 1 0 1 0 1 1 1 0 1 1 0 1 0 1 1 0 0 0 1 0 1 0 1 0 1 0 0 0 0 1 0 0 0 1 0 1 1 0 0 0 1 1 0 0 1 0 0 1 0 0 0 1 1 0 1 0 1 0 1 0 1 0 0 1 0 1 1 1 0 1 1 1 1 1 0 0 1 0 1 1 1 0 0 1 1 0 0 0 1 0 1 1 0 1 1 0 0 0 1 0 0 0 1 1 1 1 1 0 1 0 0 1 0 0 1 1 0 0 1 0 0 0 0 0 0 1 0 0 0 0 1 0 0 0 1 0 0 1 1 1 1 0 0 0
1 0 0 0 0 0 1 0 0 0 1 0 1 1 1 1 1 1 0 0 0 0 0 0 0 0 0 0 0 1 0 1 1 0 0 0 0 1 1 0 0 1 0 1 1 0 1 1 0 0 0 0 0 0 0 0 1 1 1 1 0 0 0 1 1 0 1 0 1 0 1 1 1 1 0 1 1 1 0 1 1 1 0 1 0 0 1 0 1 1 0 1 0 1 1 0 0 1 1 0 1 0 0 0 0 0 0 1 1 0 0 1 1 0 0 0 0 1 0 0 0 0 1 1 1 0 1 0 0 0 1 1 0 0 1 0 1 1 0 0 0 0 1 0 1 0 1 1 1 1 0 0 1 0 0 1 0 0 0 1 0 0 1 0 1 1 1 1 0 1 1 0 1 0 1 0 1 1 0 1 1 1 0 0 1 1 1 0 1 1 1 1 0 0 1 0 0 0 0 0
0 1 1 0 0 0 1 1 1 0 1 0 0 0 0 0 1 1 1 0 0 0 1 1 0 0 1 0 1 1 1 1 0 0 1 0 1 0 0 1 0 1 1 1 1 0 1 0 1 1 0 1 1 0 1 0 1 1 0 1 0 1 1 0 0 0 1 0 0 0 0 0 1 0 1 0 0 1 1 0 0 0 1 1 1 0 0 1 1 1 1 1 1 0 0 1 0 0 0 0 1 0 0 0 0 0 0 1 1 1 0 1 0 0 0 1 1 0 0 1 1 0 0 0 1 0 1 0 0 1 0 0 0 1 0 0 1 1 0 0 1 0 1 1 1 0 1 0 1 0 0 1 1 1 1 0 1 1 1 1 1 0 0 0 1 1 1 1 0 1 0 1 0 0 0 1 1 1 1 1 0 1 0 0 0 0 0 1 0 0 1 1 0 0 1 1 1 1 1 1
1 0 0 0 1 0 1 0 0 0 0 1 1 1 0 1 0 0 0 1 1 1 0 0 1 1 1 1 0 0 0 0 1 0 0 1 0 0 0 1 1 0 0 0 1 1 1 0 0 1 1 0 0 0 1 0 1 1 1 1 0 1 0 1 1 0 0 0 0 1 1 0 1 0 0 1 0 1 1 0 0 1 0 0 0 0 1 1 0 1 0 0 0 1 1 0 0 0 0 1 0 0 0 0 0 1 0 0 0 0 0 0 0 0 1 1 0 1 0 1 0 0 0 0 0 0 1 0 0 0 0 1 1 0 1 0 0 0 1 1 1 0 1 0 1 0 0 1 1 1 0 1 1 0 1 1 0 1 1 1 1 1 0 1 1 1 0 0 0 0 0 0 0 0 1 0 0 0 0 1 1 0 1 0 0 0 1 1 0 1 0 0 0 1 0 1 0 1 0 0
0 0 0 0 0 1 0 0 1 1 0 1 0 1 1 0 0 0 1 1 1 1 0 1 0 1 0 1 0 0 1 1 0 1 0 0 0 0 0 1 0 1 1 1 0 1 0 0 0 0 1 0 1 0 0 1 0 1 1 1 0 0 0 0 1 1 0 0 0 0 1 1 1 1 1 0 0 1 0 0 0 0 0 1 1 1 1 0 1 1 1 1 1 1 1 0 1 1 1 1 0 0 1 0 0 0 1 0 0 1 0 0 1 1 0 0 1 1 1 1 0 0 0 1 0 1 1 1 1 1 0 0 1 0 1 1 0 1 0 1 1 1 0 0 0 0 0 0 1 0 0 0 1 0 0 1 0 1 1 0 1 1 1 0 1 0 0 1 1 0 1 1 1 1 1 1 1 0 1 0 0 0 0 0 0 0 1 0 0 1 1 1 1 0 1 0 1 0 0 0
1 1 0 0 0 1 1 0 1 0 0 0 0 1 1 1 0 1 0 1 0 1 1 0 0 1 1 0 1 0 0 1 0 0 1 1 1 0 0 1 1 1 1 0 0 1 1 0 0 1 1 1 0 1 1 1 0 1 1 1 1 0 0 1 0 0 0 1 1 1 0 1 1 0 1 0 1 0 1 0 0 0 0 1 0 1 0 1 1 1 0 1 1 1 1 0 0 1 1 0 1 1 1 1 1 1 1 1 0 0 1 0 0 0 1 0 0 0 1 0 1 0 1 0 1 1 0 0 0 1 1 0 1 0 0 0 0 0 0 0 0 0 0 0 1 1 1 1 0 1 0 0 1 1 0 0 0 1 1 0 0 1 1 0 0 0 0 1 0 1 1 1 0 0 1 1 1 0 1 0 0 1 1 0 0 1 0 0 0 0 1 1 1 1 1 1 1 1 1 1
1 1 0 0 1 0 0 0 1 0 1 0 0 1 0 0 1 0 0 0 0 1 0 1 0 0 0 1 1 1 0 0 1 0 0 0 0 1 0 0 0 0 1 0 1 1 0 1 1 1 1 1 0 1 1 0 1 1 0 0 1 0 1 1 0 0 0 0 0 1 1 1 0 0 1 1 1 1 0 1 0 0 0 0 0 1 0 0 0 1 0 0 0 1 0 0 0 1 1 0 1 1 1 0 0 0 1 0 1 0 1 0 0 1 0 0 1 1 0 0 1 1 1 1 0 1 0 1 1 0 0 1 0 1 0 1 0 1 1 0 1 0 0 0 1 0 1 1 0 1 1 1 1 0 1 1 1 1 0 0 0 0 0 1 0 1 0 1 0 1 0 1 1 1 0 1 0 0 1 1 0 1 0 0 1 0 0 0 1 0 1 0 1 1 0 0 1 1 1 1
0 0 1 1 1 0 1 1 0 1 0 1 0 0 1 1 0 1 1 0 1 1 0 0 0 0 0 1 0 0 0 0 0 1 1 0 1 0 1 0 0 0 0 1 0 1 1 0 1 0 1 0 0 0 0 1 1 0 0 0 1 1 0 1 1 1 0 0 0 1 0 0 1 1 1 1 0 0 1 0 1 0 1 0 0 0 0 0 0 0 0 1 0 1 0 0 0 1 0 1 0 1 1 0 0 1 0 1 0 1 1 0 0 1 0 0 0 0 1 1 0 0 1 1 1 1 1 0 1 0 1 0 0 0 0 0 0 1 1 1 1 0 0 0 0 1 1 0 1 1 0 0 0 1 0 0 1 0 1 0 1 0 1 0 1 0 1 0 1 1 0 0 0 1 0 0 0 1 0 1 0 1 1 1 0 0 0 0 0 0 0 0 1 0 1 1 0 1 1 1
0 1 0 1 1 0 0 1 0 1 1 0 1 0 1 1 0 1 0 0 0 1 0 1 0 1 0 0 1 1 0 0 0 1 0 1 0 1 0 1 0 0 1 0 0 0 0 0 1 0 0 1 0 0 1 1 0 1 1 1 0 0 0 1 1 1 0 0 1 0 0 1 0 1 1 0 0 0 0 1 1 1 0 0 0 0 0 0 1 1 1 1 0 1 1 1 0 1 1 0 1 0 0 1 1 0 0 0 0 0 0 1 1 0 1 0 1 1 1 1 0 1 1 0 1 1 0 0 1 1 1 0 0 1 0 1 0 1 0 1 0 0 0 0 0 0 1 0 1 0 0 1 0 0 0 0 1 0 1 1 0 1 0 0 1 0 0 0 1 0 0 1 1 0 0 1 1 1 1 0 0 1 1 0 1 0 1 1 0 0 0 1 1 1 0 1 1 0 0 1
1 1 0 1 0 1 1 1 0 0 1 0 0 1 1 0 0 0 0 1 1 1 0 0 0 1 0 0 0 0 0 1 1 1 1 1 1 0 1 0 0 0 0 1 1 0 0 1 0 1 1 1 1 0 1 0 0 1 0 1 1 1 0 0 0 0 1 1 1 1 1 1 0 1 0 1 1 1 1 1 1 1 0 0 1 1 0 1 1 1 0 1 1 1 0 0 0 0 1 0 0 1 0 0 0 0 1 0 1 1 1 0 1 1 1 1 0 0 1 1 0 0 0 1 1 1 0 0 0 1 0 1 1 0 1 0 0 1 1 0 0 0 1 0 0 0 0 0 1 0 0 1 0 1 1 1 0 1 0 1 1 0 0 1 1 0 0 0 1 1 1 1 1 1 0 1 1 1 0 0 0 1 1 1 0 1 0 0 1 0 0 1 1 0 1 1 1 1 0 0
1 0 0 0 0 1 0 1 0 0 1 1 0 0 1 1 1 1 0 0 1 1 0 0 1 1 0 1 0 0 0 1 0 0 1 0 0 1 0 1 0 0 1 0 1 1 1 0 0 1 1 1 1 1 1 1 1 0 0 1 1 0 1 0 1 0 0 0 1 1 0 1 1 0 0 1 0 0 1 0 1 0 1 0 0 1 0 0 1 0 1 1 1 0 0 0 1 1 1 0 1 1 1 1 1 1 0 0 1 0 0 0 1 0 0 0 1 0 0 0 1 1 0 0 0 0 0 0 0 1 1 1 0 1 0 0 1 1 0 0 0 0 0 0 1 0 0 1 0 1 0 0 1 1 0 0 0 0 0 1 0 1 1 0 1 0 1 1 1 0 0 1 0 1 0 1 0 0 1 0 1 0 0 1 0 0 0 0 0 0 0 0 1 1 0 0 0 1 0 0
0 1 0 1 1 1 1 1 0 0 0 0 0 1 1 0 1 1 1 1 0 0 0 1 1 0 0 0 0 0 1 1 0 0 1 1 0 1 0 0 0 0 0 1 0 1 0 0 1 1 1 0 0 1 0 0 1 0 1 0 1 0 1 1 0 1 0 1 0 1 1 0 0 1 1 0 0 0 0 1 0 0 1 0 1 0 0 0 0 0 1 1 0 0 0 0 1 1 1 1 1 1 0 1 0 1 0 0 1 0 0 1 0 1 1 0 0 0 1 1 1 1 0 1 0 0 1 0 0 1 0 1 1 0 1 1 0 1 0 0 0 0 0 0 1 0 1 1 0 0 0 1 0 1 1 0 1 1 1 0 0 1 1 0 1 0 1 0 1 0 0 1 0 0 0 0 0 1 0 1 1 0 0 0 0 0 1 0 0 1 0 1 0 1 1 0 0 1 0 0
0 0 1 1 1 1 1 1 0 1 1 0 0 1 1 1 0 0 1 0 0 1 1 0 1 1 1 1 1 1 1 1 1 1 0 1 1 1 1 1 0 0 0 1 1 1 0 0 1 0 1 0 0 0 0 1 0 0 1 0 1 1 0 0 1 0 0 1 0 0 1 1 1 0 0 0 0 0 0 0 1 1 1 0 0 1 0 1 1 0 0 0 1 0 1 0 0 1 1 0 0 1 0 1 0 0 1 0 1 0 1 1 1 0 1 1 1 1 0 1 1 1 0 1 1 0 1 0 0 1 0 1 1 0 1 0 0 0 0 1 1 0 1 0 1 0 0 0 1 1 0 1 1 0 1 1 0 0 1 0 0 1 1 1 1 0 1 1 1 1 0 1 0 0 0 0 0 1 1 1 0 0 1 1 1 0 1 1 0 1 0 0 0 1 1 0 0 0 1 1
0 0 1 0 0 1 0 1 0 1 1 0 1 0 0 1 0 1 0 0 0 0 1 0 1 0 0 0 0 0 1 0 0 0 0 0 1 0 1 1 0 0 0 1 0 0 1 1 0 0 1 0 1 0 0 1 1 0 1 0 1 1 0 1 1 0 1 1 0 0 0 0 1 0 1 1 1 0 0 1 0 0 1 0 0 0 0 0 1 1 0 1 1 0 1 0 0 0 0 1 1 1 0 0 0 0 0 0 1 1 1 1 1 0 0 1 1 0 1 1 1 1 1 0 1 0 0 0 0 0 1 0 1 0 0 1 0 1 1 0 0 0 0 1 0 1 1 0 0 1 1 0 1 1 0 0 0 0 1 0 0 1 1 0 1 0 0 0 0 0 0 0 1 0 0 1 0 1 0 1 1 1 1 1 1 1 1 1 1 0 0 1 0 1 1 1 0 0 0 1
1 0 1 0 1 0 0 1 0 0 1 0 0 0 0 0 1 0 1 0 1 0 0 0 0 0 0 0 1 0 1 1 1 1 1 0 1 1 1 1 0 0 0 1 0 1 0 1 0 0 1 1 0 1 0 1 1 0 0 1 1 0 1 0 0 0 1 1 0 0 1 1 1 1 1 0 0 0 0 1 0 0 0 1 0 0 1 1 0 0 0 0 1 0 1 1 0 0 1 1 0 1 1 1 0 1 1 1 1 0 0 1 0 1 1 1 0 0 0 0 1 1 1 0 0 1 1 1 0 1 1 1 0 0 0 0 1 1 0 0 1 0 0 0 0 0 1 0 0 1 1 0 0 0 1 0 1 0 0 0 0 0 0 1 1 0 0 0 0 0 0 1 0 0 0 1 0 0 1 0 0 0 0 1 1 0 0 1 0 0 1 0 0 0 0 0 1 1 1 1
0 0 1 1 0 0 0 1 1 1 0 1 1 0 0 0 1 1 0 1 0 0 1 1 1 1 0 0 0 1 1 1 1 1 1 1 0 0 0 1 1 1 0 0 0 1 0 1 1 0 1 1 0 0 1 1 1 0 0 1 0 0 0 1 0 1 0 0 1 1 1 0 1 1 1 0 1 1 0 0 0 0 1 1 0 1 0 0 0 0 0 0 0 0 0 0 1 0 0 0 0 1 1 0 0 1 1 1 1 1 1 1 0 1 0 1 0 0 0 0 1 1 1 1 0 0 1 1 0 0 1 0 0 0 0 0 1 0 0 1 0 1 1 1 1 0 0 1 0 1 0 1 0 1 1 0 0 1 1 1 0 0 0 0 1 0 0 1 0 1 1 1 0 0 1 1 0 1 0 0 0 1 0 0 0 0 1 0 0 0 0 1 0 0 0 0 0 1 1 1
1 1 0 1 0 0 1 1 1 1 1 0 0 0 1 0 0 0 0 0 1 1 0 0 0 1 0 1 1 0 1 0 0 1 1 1 1 1 0 1 0 0 0 1 0 0 0 0 1 1 1 0 0 1 1 1 1 0 0 0 0 0 1 0 0 1 0 1 0 0 1 1 1 1 0 1 1 1 1 1 0 1 1 1 1 1 0 1 1 0 1 0 0 0 0 0 0 0 0 1 0 1 0 1 0 1 1 0 1 1 1 1 0 1 1 1 0 1 1 1 1 0 1 0 1 1 1 1 0 1 1 1 0 0 0 0 0 1 0 0 0 0 0 1 0 0 1 0 0 0 0 0 1 0 1 0 1 0 0 1 1 1 1 1 1 1 1 0 1 1 0 1 1 1 0 0 0 0 1 1 0 0 0 0 0 1 0 1 0 1 1 0 1 1 1 0 0 0 1 1
0 0 1 1 0 0 0 1 1 0 1 1 1 0 0 0 0 0 1 0 1 0 1 0 1 0 0 1 0 0 1 1 1 1 0 1 0 0 1 1 1 0 1 1 0 1 0 1 0 0 0 1 1 1 0 0 0 1 1 0 0 0 1 0 1 0 0 1 1 1 0 1 0 1 1 1 0 1 1 0 1 1 0 1 0 1 1 0 0 0 0 0 0 0 0 0 1 1 1 1 1 0 1 0 1 1 1 0 1 0 0 0 0 1 1 1 0 0 1 0 0 0 0 1 0 1 0 1 1 1 0 0 0 0 1 0 1 0 0 0 1 0 0 0 0 0 0 0 0 1 1 1 0 0 1 0 1 1 1 1 0 1 0 1 0 1 0 1 1 1 0 1 0 0 0 0 0 0 0 0 1 1 1 0 0 0 1 1 1 0 1 0 1 1 0 1 0 0 0 0
1 1 0 1 0 1 0 1 0 0 1 0 0 0 1 0 1 0 0 0 1 0 1 0 1 0 1 1 1 0 0 0 1 1 0 1 0 0 1 0 0 0 1 1 0 0 1 0 1 1 0 1 1 1 0 1 1 1 0 0 0 1 1 1 1 1 1 0 0 1 0 1 0 0 0 0 0 1 0 0 1 0 1 1 1 0 1 0 1 1 0 0 0 1 0 0 0 1 1 0 0 0 1 1 0 1 0 0 1 1 0 1 1 0 1 1 0 1 0 1 1 0 1 1 1 0 0 0 0 1 0 0 0 1 1 0 0 1 1 1 0 0 1 1 0 0 0 1 0 0 1 0 1 0 1 0 0 1 1 1 1 0 1 0 1 1 1 0 1 1 1 0 1 1 0 1 1 1 1 1 0 0 0 1 0 1 1 1 1 1 1 1 0 0 1 0 1 0 0 0
0 1 0 1 0 1 0 1 1 0 0 1 1 0 0 0 1 0 0 0 0 0 1 1 0 1 0 0 0 1 0 1 1 0 0 1 0 1 0 1 1 0 1 1 1 1 0 0 0 0 1 1 1 1 0 1 1 0 0 0 1 0 1 0 0 0 1 0 0 1 0 1 1 0 0 0 1 1 0 1 0 0 0 1 1 0 0 1 1 0 0 1 0 0 1 0 0 0 1 0 1 1 0 1 1 0 0 0 1 1 0 0 0 1 0 0 0 1 0 0 1 0 0 1 0 1 1 0 0 0 0 1 0 1 1 1 1 0 1 0 1 0 0 1 0 0 0 1 0 1 0 1 1 0 0 1 0 1 0 0 0 1 0 1 1 1 0 1 1 0 0 0 0 0 1 1 0 0 1 1 0 0 0 1 1 0 0 0 0 0 0 0 1 1 1 0 0 1 1 0
0 1 1 0 0 1 1 0 1 1 0 0 1 0 1 1 0 0 0 1 0 0 0 0 1 0 0 1 0 0 1 0 1 0 0 0 1 0 0 0 1 0 1 0 1 1 1 1 0 1 1 1 0 0 1 0 1 0 0 0 0 1 0 1 1 0 1 1 0 0 0 0 0 1 0 0 0 0 1 0 1 1 1 0 0 1 0 0 0 0 1 0 1 1 1 1 1 0 1 1 0 0 1 1 1 1 1 1 1 0 0 0 1 1 1 1 0 1 1 1 0 1 1 0 1 1 1 1 1 0 0 0 1 1 1 0 0 0 0 0 1 1 1 0 0 1 0 1 1 0 1 0 1 0 0 1 1 1 0 0 0 1 1 0 0 1 1 1 1 0 0 1 0 0 1 0 0 1 1 1 1 1 0 0 0 1 0 1 1 0 0 0 0 0 1 1 0 1 0 0
0 0 0 1 0 1 0 1 0 0 0 0 1 1 1 0 0 1 1 1 1 0 1 0 0 1 1 1 1 0 1 0 1 1 0 0 1 1 0 0 0 0 0 1 0 1 1 0 0 0 0 0 0 1 1 1 0 1 1 0 0 1 0 1 1 1 1 1 0 0 0 1 0 0 0 0 1 0 0 0 0 1 0 0 0 0 0 0 1 0 0 0 1 0 0 0 1 1 0 0 0 0 0 0 0 0 0 0 1 0 0 1 0 0 1 1 1 1 1 1 0 1 0 0 1 0 0 1 0 0 0 0 1 0 1 1 1 1 0 0 1 0 1 0 0 0 0 0 1 0 1 1 0 0 0 1 1 1 0 0 0 0 1 0 1 1 0 1 1 0 1 0 0 1 0 0 1 0 1 1 0 1 1 0 0 0 1 1 1 1 0 1 1 0 0 0 0 0 1 0
1 1 1 1 0 0 0 1 1 0 1 0 1 0 1 1 0 0 0 0 1 1 0 1 0 0 1 1 0 1 0 0 1 0 1 1 1 1 1 1 0 0 0 0 0 1 0 0 1 1 1 0 1 1 1 0 1 0 0 1 0 1 1 1 1 0 0 0 0 1 1 1 0 1 1 0 0 1 0 1 1 0 0 1 0 0 0 0 0 0 1 0 0 1 0 1 0 1 0 0 1 1 0 0 1 0 1 0 0 0 0 1 1 1 1 1 0 0 0 0 0 1 1 1 0 1 1 1 1 1 1 1 1 1 1 1 1 1 0 0 1 1 1 1 0 0 0 0 0 1 0 1 1 0 1 0 0 0 0 0 1 0 0 1 0 1 1 0 0 0 1 1 0 0 1 0 0 0 1 1 0 1 0 0 1 1 1 1 1 0 1 1 1 1 1 0 0 0 1 1
0 0 0 1 1 1 0 0 0 0 1 0 0 1 1 0 1 0 0 1 0 0 0 0 1 1 1 0 1 0 1 1 1 0 0 1 0 1 1 1 0 0 0 0 1 1 0 0 0 0 1 0 1 0 0 1 1 0 0 0 0 0 0 1 0 0 1 1 1 1 1 1 0 1 0 0 0 1 0 0 0 1 1 0 1 0 0 1 0 1 1 0 0 0 1 0 0 1 1 1 0 0 0 1 1 1 1 0 0 1 0 1 1 1 1 0 1 1 1 0 0 1 0 1 1 0 0 0 1 1 0 1 0 0 0 1 1 1 1 1 1 0 1 1 1 0 0 1 0 1 0 1 1 1 1 1 0 0 0 0 1 1 1 1 1 1 0 0 1 0 1 1 0 1 0 0 1 0 0 0 1 1 1 1 0 1 1 0 1 1 1 1 0 0 0 0 1 1 0 1
0 0 0 0 0 1 1 1 0 0 0 1 0 0 0 0 1 1 0 1 0 0 0 1 0 1 0 0 0 1 1 1 1 0 0 1 0 0 1 1 1 0 1 1 0 1 0 1 0 0 0 0 0 0 1 0 1 1 1 0 0 0 1 0 1 0 0 0 1 0 1 1 1 0 0 1 0 0 1 0 1 1 0 0 1 1 0 0 1 1 1 0 1 0 0 1 1 0 0 1 1 0 1 1 1 1 0 1 0 1 1 0 1 1 1 1 0 1 0 1 0 0 1 0 1 1 1 0 0 1 1 1 0 0 1 1 0 0 0 0 0 1 0 0 0 0 0 1 1 0 1 1 1 1 0 1 1 0 1 0 0 0 0 0 1 0 1 1 0 1 0 0 0 0 0 0 0 1 1 1 0 0 1 0 1 0 0 0 1 1 1 1 0 1 1 0 0 1 0 0
0 0 0 0 1 0 0 0 0 0 0 1 0 1 1 1 0 1 1 0 0 0 0 0 0 0 1 1 1 1 1 0 1 0 1 1 1 0 1 1 1 0 0 0 0 0 1 0 1 0 1 0 0 1 0 0 1 1 1 1 1 0 0 1 0 1 1 0 0 0 1 1 1 0 0 1 0 0 0 1 0 1 1 0 0 1 1 1 0 0 1 0 1 1 1 0 1 0 1 0 0 0 0 1 0 1 1 0 1 1 0 1 0 0 0 1 0 1 1 0 0 0 0 0 1 0 1 0 0 0 0 1 1 1 1 1 1 0 0 1 0 1 1 1 1 0 0 1 1 1 1 1 0 1 1 1 0 1 0 1 0 1 1 1 0 0 1 1 1 0 1 0 1 0 1 0 1 1 1 0 0 0 0 1 1 1 1 1 1 1 0 0 0 0 0 0 0 1 1 1
1 0 0 1 1 0 1 1 1 0 1 1 1 1 1 1 1 1 0 0 0 0 0 0 1 1 1 0 1 1 0 1 0 0 1 1 0 1 0 0 0 0 0 0 0 0 1 1 1 1 1 1 1 0 0 0 0 0 1 1 1 0 0 0 1 0 0 1 0 1 1 1 1 0 0 1 1 1 0 0 1 1 1 1 1 1 0 0 1 0 1 0 0 0 0 1 0 0 1 0 0 0 0 0 0 1 1 0 0 0 0 1 1 0 1 0 0 1 0 1 1 1 1 0 1 0 1 1 0 0 1 0 1 1 1 0 1 1 0 1 0 0 1 0 1 1 0 0 0 1 1 1 1 1 1 0 0 0 1 0 1 0 1 0 1 1 0 0 0 0 1 0 0 0 0 0 1 1 1 0 1 0 0 1 1 1 0 1 0 1 1 1 0 1 0 0 1 1 0 1
0 0 1 1 0 1 0 1 0 1 0 1 1 0 1 1 0 1 1 1 1 1 0 0 0 1 1 0 0 1 1 0 0 0 0 1 1 1 0 1 1 0 0 1 1 0 1 1 0 1 1 0 0 1 1 0 1 0 0 1 0 1 1 1 1 1 0 1 0 1 1 1 1 1 1 0 1 0 0 1 0 1 0 1 1 0 1 1 0 0 0 1 1 1 0 0 0 1 0 1 0 1 1 1 0 1 0 0 0 0 1 0 1 1 1 0 0 1 1 0 1 0 1 0 1 0 0 1 0 0 1 0 1 0 1 0 0 0 1 0 0 1 1 0 0 0 1 1 1 1 1 1 0 1 0 0 1 1 0 0 1 1 1 1 1 0 0 1 1 1 0 1 0 1 0 0 1 1 1 0 1 1 1 0 0 1 0 0 1 0 1 0 1 1 1 1 0 1 0 1
0 0 1 1 0 0 0 0 0 1 0 1 0 0 1 1 1 0 1 0 0 0 0 0 0 1 1 1 1 0 0 0 1 1 0 0 1 0 1 0 0 0 0 0 1 0 1 1 1 0 1 0 1 1 0 1 0 0 1 1 0 0 0 0 0 1 0 0 1 1 0 1 1 0 1 0 0 0 1 0 0 1 1 0 0 1 0 0 1 0 0 1 0 0 0 0 0 0 0 1 0 1 1 1 1 0 1 1 1 0 1 0 0 0 1 0 0 1 1 0 1 1 1 0 0 0 1 0 0 1 1 0 0 0 0 0 1 1 0 1 0 0 0 0 1 0 1 0 1 0 0 0 0 1 1 1 1 1 0 1 1 0 0 0 0 1 0 1 0 0 0 1 1 0 1 0 0 0 1 1 0 1 0 0 0 1 1 0 0 0 1 1 0 0 1 0 0 0 0 0
1 1 0 1 0 0 0 0 1 0 0 0 0 1 0 1 1 1 0 1 1 0 1 0 1 1 0 1 0 0 1 0 1 1 1 0 1 0 0 1 0 1 0 0 1 0 0 1 1 0 1 1 0 1 1 0 1 1 1 0 1 0 1 1 1 0 0 1 0 1 0 1 0 1 0 0 0 1 1 0 1 0 1 0 1 0 1 0 1 0 0 0 0 1 0 0 1 1 1 1 1 1 1 1 0 1 0 1 1 1 0 1 0 1 1 1 1 0 1 0 1 0 0 0 0 0 0 0 0 0 1 0 1 0 1 1 0 1 1 0 1 1 1 0 0 0 1 0 0 0 1 1 0 1 0 1 1 0 1 1 0 0 1 0 1 1 1 0 0 1 0 0 1 1 0 0 1 0 1 0 1 1 1 1 0 1 0 1 0 0 1 0 0 0 0 0 0 1 0 1
1 1 0 0 0 0 1 1 1 0 0 0 0 0 1 0 0 1 0 0 0 0 0 0 0 0 0 1 1 0 1 0 0 0 0 0 1 0 1 1 1 0 1 1 0 0 1 1 0 1 1 0 1 0 1 1 1 0 0 1 0 1 0 1 0 0 0 1 0 1 0 0 1 1 0 0 0 0 0 1 0 1 0 1 0 1 1 0 0 0 0 1 0 0 0 0 0 0 1 0 1 1 1 1 1 1 0 0 0 1 0 1 1 0 0 0 0 1 1 0 1 1 0 1 1 1 1 0 1 1 1 0 0 1 0 0 0 1 1 0 0 1 0 1 0 0 1 1 0 1 1 1 1 0 1 0 0 0 0 1 1 1 1 0 0 0 1 1 1 0 1 1 0 1 1 0 0 0 0 1 0 0 1 1 1 1 1 0 0 1 1 0 1 1 0 0 0 1 0 0
1 1 1 0 1 1 0 0 0 0 0 0 1 1 0 1 0 1 0 0 0 0 1 0 1 1 1 1 1 0 1 1 1 0 0 0 1 1 1 0 1 0 1 1 1 1 0 1 1 1 0 0 0 1 1 0 1 0 1 1 1 0 1 1 1 0 1 1 0 0 1 1 1 1 0 0 0 0 0 0 1 1 1 0 1 1 0 0 0 1 0 1 0 0 1 1 0 0 1 0 0 0 1 1 1 0 0 0 0 1 1 0 1 1 1 0 1 0 1 1 0 1 1 1 1 1 0 1 0 1 0 1 1 1 1 1 1 1 0 1 1 1 0 1 1 0 1 1 1 1 0 0 1 1 1 1 1 0 1 1 1 1 0 0 0 0 0 1 0 1 1 1 1 1 0 0 1 0 1 0 0 0 1 1 0 1 1 1 1 0 1 0 0 1 0 1 0 0 0 1
1 0 0 0 0 1 1 0 1 1 1 0 0 0 1 0 1 0 0 0 0 0 1 1 0 0 0 1 1 1 0 1 0 0 1 1 0 1 1 1 1 0 1 1 1 0 1 1 0 0 1 1 0 1 0 0 1 0 0 0 0 0 1 1 1 0 1 0 1 0 1 1 1 1 0 0 1 0 0 0 0 1 1 0 0 0 1 0 0 0 1 1 1 1 1 0 1 0 1 0 0 0 1 1 1 0 1 1 1 0 1 1 1 1 1 0 1 0 0 0 1 0 1 1 0 1 0 0 0 1 0 0 1 1 0 0 0 1 1 0 1 1 1 1 0 1 0 1 0 0 0 0 0 0 1 0 1 1 0 1 1 1 0 0 1 1 0 0 1 0 1 1 1 1 0 0 0 0 0 0 0 0 0 0 0 1 0 0 0 0 0 0 0 1 1 0 0 1 0 0
1 1 1 1 0 1 0 0 1 0 0 1 0 0 0 1 1 0 1 1 1 1 1 0 1 0 1 1 0 1 1 1 1 0 0 1 1 0 0 0 0 1 0 1 0 0 1 0 0 0 1 1 1 1 1 0 0 1 0 0 0 1 1 1 0 0 1 0 1 1 1 0 0 1 0 0 0 1 1 1 0 0 1 0 0 1 0 0 0 0 1 0 0 0 1 1 0 1 1 0 0 1 0 0 0 0 0 0 0 1 0 1 1 0 0 1 0 0 0 1 0 0 0 0 1 0 0 0 0 1 1 0 1 1 0 1 0 0 1 1 0 0 0 1 0 0 0 1 1 1 1 1 1 0 1 0 0 0 1 1 0 1 0 0 1 0 0 0 1 0 0 0 0 1 1 1 1 1 0 1 0 1 1 1 1 1 1 1 1 1 0 0 0 0 0 0 1 0 1 1
0 0 0 1 0 0 1 1 1 0 1 0 1 0 1 0 0 1 0 0 0 0 0 1 0 1 0 0 1 0 1 0 1 1 1 0 0 0 1 0 0 0 0 1 1 0 1 0 1 1 1 0 1 0 1 1 1 1 0 1 0 0 1 0 0 0 1 1 1 1 0 1 0 1 1 1 0 0 0 1 1 1 1 1 1 1 1 0 1 0 1 0 0 1 0 1 0 1 1 0 0 1 0 0 0 0 1 0 0 0 1 0 1 1 1 1 0 1 1 0 0 0 0 0 0 1 0 1 1 0 0 0 0 0 1 0 0 0 0 0 0 1 0 1 0 0 0 0 1 0 1 1 0 0 0 1 1 1 0 0 1 1 1 1 0 0 0 1 0 1 0 1 0 1 0 1 0 0 0 0 1 1 1 0 1 1 0 1 0 0 1 1 1 1 1 1 0 0 0 0
0 0 1 1 1 0 0 0 1 0 1 1 1 0 1 1 0 1 0 1 1 1 1 1 1 0 0 0 0 0 0 0 1 0 1 0 0 1 1 1 1 0 1 0 1 1 0 1 1 1 1 0 0 1 1 0 1 1 1 1 1 1 0 0 1 0 1 0 1 1 0 0 0 1 0 1 0 1 0 0 0 0 0 1 0 1 0 1 0 1 1 0 0 1 0 0 0 0 1 0 1 0 0 0 1 0 0 0 0 0 1 0 0 0 1 1 0 1 0 0 1 0 0 0 0 0 1 1 0 1 0 1 0 0 1 0 1 1 0 0 1 0 0 1 0 1 0 1 1 0 1 1 1 0 1 1 0 0 1 1 1 0 1 1 1 1 0 1 0 1 0 0 0 0 0 0 1 0 1 0 1 0 0 1 0 1 0 0 0 0 0 1 0 0 1 1 0 1 0 1
1 1 1 0 0 1 0 0 1 0 0 1 0 1 1 0 0 0 1 0 0 0 1 0 0 1 0 1 1 0 0 0 1 1 0 1 0 0 1 1 0 0 1 0 0 1 1 0 1 0 0 1 1 0 1 0 0 1 0 1 1 0 1 0 0 0 0 0 1 0 1 0 1 1 1 0 1 0 1 0 1 1 0 1 0 0 0 0 0 0 1 1 1 0 0 0 0 0 1 1 0 1 0 1 1 1 1 1 0 1 1 1 0 0 0 1 1 0 0 1 0 0 0 1 1 0 1 1 1 0 1 0 0 0 1 1 1 0 1 1 1 0 1 1 0 1 1 1 0 0 0 0 0 1 0 0 0 0 1 1 1 1 0 0 1 1 1 1 1 1 1 1 1 1 1 0 1 1 1 0 0 0 0 0 1 0 1 1 1 0 0 0 1 0 0 0 0 1 1 1
1 1 0 1 0 1 0 1 1 1 0 0 1 0 1 1 1 1 0 1 1 1 0 0 0 1 0 1 0 1 0 1 1 0 0 0 0 1 1 1 1 1 0 0 0 0 0 1 1 1 1 1 0 0 1 1 1 0 0 0 1 0 1 0 0 1 0 1 1 0 0 1 0 0 1 0 0 0 0 0 1 1 1 0 1 0 1 1 0 1 0 0 0 0 0 1 0 0 1 1 0 1 1 0 0 1 1 1 0 1 0 0 0 1 0 0 1 0 1 1 1 1 0 0 0 1 1 0 1 1 1 0 0 1 1 1 1 0 0 1 0 1 1 0 1 0 0 1 1 0 1 0 0 0 1 0 1 0 0 0 1 0 1 1 1 0 0 0 0 0 0 0 1 1 1 0 0 1 1 0 0 0 0 1 0 1 1 0 0 1 1 1 1 1 0 1 0 0 0 0
0 0 0 0 1 0 1 0 0 1 0 1 1 0 1 0 1 0 1 0 0 0 1 1 1 1 0 1 0 1 0 0 1 1 0 1 0 0 0 0 1 0 0 0 1 0 0 1 0 0 0 0 0 1 0 1 0 1 1 1 1 0 0 1 0 1 0 0 1 0 0 1 1 0 0 0 0 1 0 1 1 1 0 0 0 1 1 0 1 0 1 0 0 1 0 0 1 0 1 0 0 1 1 0 0 0 1 1 0 0 0 1 0 1 0 0 1 1 0 0 1 0 1 1 0 1 1 0 1 0 1 0 1 1 0 1 0 0 0 1 0 1 0 0 0 0 0 0 0 0 1 1 0 0 0 1 1 1 1 1 1 0 0 1 1 0 0 0 0 1 1 1 1 0 1 0 1 1 1 0 0 0 0 1 1 1 0 0 1 0 1 1 0 1 1 1 0 1 0 0
0 0 1 1 1 0 0 0 0 0 1 1 0 0 1 1 1 1 0 1 0 1 1 0 0 1 0 0 0 1 1 1 1 0 0 0 1 1 0 1 0 1 0 1 0 0 1 0 0 1 0 1 1 1 0 1 0 1 0 1 1 0 1 0 0 0 0 1 1 1 0 0 0 1 1 0 1 0 0 1 1 0 0 1 1 1 0 1 1 0 1 1 1 1 1 0 1 1 0 1 1 0 0 1 1 1 1 0 1 0 1 0 1 0 0 1 0 1 1 0 0 1 0 0 1 0 1 0 1 1 0 1 0 1 0 1 0 0 0 0 1 0 0 1 0 0 0 1 1 1 0 1 1 1 0 0 0 0 0 0 1 0 0 0 1 0 1 0 0 0 0 1 1 1 0 1 0 0 0 0 0 1 1 0 1 1 1 1 0 1 1 0 0 0 1 1 1 0 1 1
0 0 0 1 1 1 1 0 1 0 1 1 0 1 0 0 0 1 1 0 1 0 1 0 0 0 0 0 1 0 1 1 1 0 1 1 0 1 0 0 0 0 1 1 0 0 0 1 1 1 0 1 1 0 0 1 0 0 0 1 0 0 0 1 1 1 1 0 1 0 0 1 0 0 1 0 1 0 1 0 1 1 1 1 0 0 0 1 0 1 0 1 1 1 0 0 0 0 1 1 1 1 1 1 0 0 1 0 1 0 1 0 0 1 0 1 0 0 0 0 1 1 1 0 0 1 0 1 0 0 1 0 1 1 0 0 1 0 1 0 0 1 1 0 1 0 0 1 1 0 1 0 0 1 1 0 1 1 1 0 0 0 0 0 0 0 0 1 0 0 0 1 1 1 0 0 1 0 1 1 1 0 1 1 0 0 0 1 0 0 0 0 0 1 1 1 1 0 0 1
0 1 0 1 0 1 1 1 1 1 0 0 0 1 0 0 0 0 0 0 0 0 0 1 0 0 0 1 0 1 0 0 0 1 0 0 1 1 0 1 1 0 1 0 0 0 0 1 1 1 1 1 0 1 1 0 1 0 0 0 0 1 1 0 0 0 0 1 0 1 0 1 0 0 1 0 1 1 1 1 0 1 0 0 1 0 1 1 1 1 0 0 0 1 0 0 1 1 1 1 0 0 0 0 1 1 0 1 1 1 0 0 1 0 1 0 0 1 0 1 1 1 1 0 1 0 1 0 1 1 1 0 1 1 0 1 1 1 1 1 0 0 0 0 1 1 0 1 0 0 1 0 0 0 1 0 1 1 1 1 0 1 0 0 0 0 0 0 0 0 1 1 1 1 0 0 0 1 0 1 0 1 1 1 1 0 1 1 1 0 1 1 1 1 0 0 0 0 0 0
1 1 0 0 0 0 0 0 0 1 0 1 1 0 1 0 0 1 1 1 1 1 1 1 1 0 1 1 1 0 1 1 0 0 0 1 1 1 1 0 0 0 1 1 1 0 1 1 0 1 0 1 0 0 1 1 1 1 1 0 0 1 1 0 0 0 0 0 1 0 0 0 1 0 1 0 0 0 0 1 0 0 0 0 1 1 1 1 1 0 0 1 1 0 1 1 0 1 0 1 0 1 1 1 1 0 0 0 0 0 0 0 0 1 1 1 1 1 1 0 1 1 0 0 1 1 0 0 0 1 0 1 0 0 0 1 1 1 1 1 0 0 1 1 0 0 1 1 1 1 1 0 0 1 1 1 0 0 1 1 0 1 1 1 1 0 1 0 1 1 0 0 1 1 0 1 0 1 0 1 0 0 0 0 1 1 1 0 0 0 1 1 0 1 1 0 0 0 1 0
1 1 1 0 0 0 1 1 0 0 1 1 1 1 1 1 0 1 1 1 1 0 1 1 0 0 0 0 0 0 1 0 1 1 1 1 0 0 0 1 0 1 1 0 1 0 1 0 0 1 1 0 0 0 1 1 1 0 0 1 1 0 0 1 0 1 0 0 0 0 0 0 1 1 1 1 0 1 0 0 1 0 1 0 0 1 1 1 0 1 0 0 1 0 1 1 0 0 0 0 1 0 0 0 1 0 1 1 1 1 1 1 1 1 0 1 0 1 0 1 0 0 1 1 0 1 0 0 0 0 1 0 0 1 1 0 1 1 1 0 1 1 1 0 1 1 0 1 0 0 0 0 0 1 1 1 1 0 0 1 0 0 1 1 1 1 1 1 0 1 1 0 0 1 1 1 0 0 0 1 0 1 0 0 1 0 1 1 0 1 0 1 0 0 0 1 1 1 0 1
1 1 0 1 0 0 1 0 0 0 1 1 1 0 0 0 0 0 0 0 1 0 0 1 0 1 1 0 0 0 0 0 0 1 0 0 0 1 1 1 0 0 1 0 0 1 0 1 1 0 1 0 1 1 0 0 1 1 1 0 1 0 0 1 0 0 0 0 1 1 1 0 1 1 1 1 1 0 1 0 1 0 1 0 1 1 1 1 1 0 0 0 1 1 0 1 0 1 1 0 1 1 1 1 0 0 0 0 1 0 1 0 0 0 0 0 1 0 0 0 0 0 0 0 1 1 1 0 0 1 1 1 1 0 1 0 0 1 0 1 1 1 0 1 0 0 0 0 0 0 1 1 1 1 0 1 0 0 1 1 0 0 0 0 0 1 0 1 1 0 0 0 0 1 0 1 1 0 0 1 0 1 1 0 0 0 1 0 1 1 1 1 0 0 0 0 0 0 0 0
0 0 1 0 0 0 1 0 1 1 0 0 0 1 0 1 0 0 1 0 1 0 1 1 1 1 0 0 1 1 1 1 0 0 0 0 1 0 0 0 0 1 0 1 0 1 0 0 1 0 1 1 1 1 1 1 1 0 1 1 0 1 0 0 1 0 0 0 1 1 0 0 0 1 1 0 0 0 1 1 0 0 0 0 1 0 0 1 0 1 0 0 1 0 0 0 0 0 0 1 1 0 1 1 1 0 0 1 1 0 0 1 1 0 1 0 1 0 1 1 1 1 0 1 1 1 0 0 1 0 1 0 1 1 1 1 1 0 1 1 1 0 0 0 1 1 1 1 1 1 1 0 0 1 0 0 0 0 1 1 1 1 1 1 1 0 0 0 1 0 0 1 1 1 1 0 0 0 0 0 0 0 1 0 1 0 0 0 0 1 1 1 1 1 0 0 0 0 1 1
0 1 1 1 1 0 1 0 0 0 1 0 0 1 1 1 0 0 0 1 1 0 0 0 1 1 0 1 0 1 0 0 1 1 1 0 0 0 0 0 1 0 0 0 0 0 0 0 0 0 1 1 1 0 0 0 0 0 1 1 0 0 0 1 1 0 0 1 1 0 0 1 0 1 0 0 1 1 0 0 1 0 0 0 1 0 0 0 0 0 0 0 1 0 0 1 0 0 1 0 1 0 0 0 0 0 0 1 1 0 0 1 0 0 1 1 0 1 1 1 0 1 1 0 0 1 0 0 1 0 1 0 1 1 1 0 1 1 0 1 0 1 0 1 1 0 1 1 1 0 1 1 0 1 1 1 0 0 1 0 1 0 0 1 0 1 0 0 1 1 0 1 1 1 0 1 0 1 1 0 1 0 1 0 1 0 1 1 1 1 0 1 0 0 1 1 0 1 0 0
0 1 1 0 0 0 1 0 1 0 1 1 1 1 1 0 0 0 0 0 0 1 1 0 0 0 1 1 1 0 1 1 0 0 1 0 1 0 0 0 1 1 0 0 0 0 0 0 1 1 1 0 0 1 0 1 0 0 0 0 1 1 0 1 0 1 1 1 0 1 1 1 0 1 1 1 1 1 1 0 1 1 0 1 1 1 0 0 0 1 1 1 0 1 1 0 1 1 0 1 0 1 0 0 0 1 0 1 1 0 0 1 0 1 1 0 0 0 0 1 0 1 1 0 0 0 0 0 0 0 0 1 0 0 0 1 1 1 0 1 1 0 1 1 1 1 0 1 1 1 1 0 1 1 0 1 1 1 1 0 1 0 0 0 0 1 0 0 0 0 1 1 0 1 1 0 0 0 1 1 0 1 0 1 1 0 0 0 0 1 1 1 0 0 1 0 0 1 1 1
1 0 1 0 1 1 1 0 1 1 0 1 1 1 1 1 1 1 0 0 1 1 0 1 0 0 1 0 0 1 0 0 0 1 0 0 0 1 1 0 1 0 0 1 0 0 0 1 0 0 0 0 0 0 1 1 0 0 1 0 1 1 0 0 0 0 0 0 1 0 1 0 1 1 1 1 0 0 1 0 0 1 0 1 1 0 0 0 0 0 1 1 0 0 1 1 0 0 0 1 0 0 1 0 0 1 0 0 0 0 0 0 0 0 0 0 0 1 1 0 0 0 1 0 1 0 0 1 1 0 0 1 0 1 1 0 0 1 1 1 0 0 0 1 1 1 1 1 0 0 1 1 0 1 0 0 0 1 1 1 1 1 0 1 1 0 0 1 1 1 0 1 0 1 1 1 1 1 0 0 1 1 0 0 0 1 0 1 1 1 1 0 1 1 1 0 1 1 0 1
1 0 0 0 1 1 0 0 1 1 0 0 1 1 1 0 0 0 0 0 0 0 0 0 1 0 1 0 1 0 1 0 1 0 1 0 0 1 1 1 0 0 1 1 0 1 0 0 0 0 0 0 1 0 1 1 1 1 1 0 1 0 0 1 1 0 0 1 0 0 1 0 1 1 1 0 0 0 0 0 0 0 0 0 0 0 0 1 1 0 0 1 1 1 0 0 1 0 0 1 0 0 0 0 0 0 0 1 0 0 1 1 1 0 0 1 1 1 1 1 1 1 1 1 0 1 0 1 0 0 1 1 1 1 1 1 0 0 1 0 0 0 0 1 1 0 0 0 0 0 1 0 1 1 0 1 1 1 0 0 1 0 1 0 0 1 0 0 0 0 1 1 1 0 0 0 0 1 0 0 1 1 1 0 1 1 0 0 1 1 0 1 1 0 1 0 0 1 0 1
0 1 1 0 1 0 0 0 0 0 0 0 0 0 0 1 0 1 0 0 1 0 0 0 0 0 0 0 0 1 1 1 1 0 1 0 0 1 1 1 0 0 1 0 0 0 1 1 1 0 0 1 0 0 0 1 0 0 1 1 1 1 0 1 0 0 0 1 1 1 0 1 1 1 1 0 0 1 1 0 1 0 0 1 1 1 0 1 0 0 0 1 0 1 1 0 0 1 0 0 0 1 1 1 0 0 0 0 0 1 0 0 0 1 1 1 0 0 0 1 0 0 0 1 0 0 1 0 1 1 0 0 0 0 1 1 0 0 0 1 1 1 0 1 1 1 0 1 1 0 0 0 1 0 0 1 0 0 0 0 1 0 0 1 1 1 0 0 0 0 1 0 1 1 0 0 0 0 1 0 1 0 1 1 1 1 1 0 0 1 0 1 0 0 0 0 1 0 1 0
0 1 0 0 0 0 0 1 0 0 1 0 0 1 0 0 0 0 1 1 0 0 0 1 1 1 0 1 0 1 1 1 1 1 1 0 0 1 1 0 1 1 1 1 0 0 0 0 0 0 0 1 1 0 1 1 0 1 0 1 0 1 1 0 1 1 1 0 1 1 0 1 0 0 0 1 0 0 1 0 1 0 0 1 0 1 0 0 0 1 1 0 0 0 0 1 1 1 1 1 1 1 1 1 0 0 0 1 0 0 0 1 1 1 0 0 1 0 0 1 1 0 0 0 0 1 0 1 0 0 1 0 1 0 0 0 0 0 1 0 1 0 1 0 0 0 0 0 1 1 1 0 0 1 0 1 0 1 0 0 0 1 0 0 1 0 1 1 0 0 0 0 1 0 0 0 1 0 1 1 1 1 1 0 0 1 0 0 0 1 1 1 0 0 1 1 0 1 1 1
0 0 1 0 0 1 0 0 1 1 1 1 1 1 0 0 0 1 1 1 1 1 1 1 0 1 0 1 0 1 1 1 1 0 1 1 1 0 0 0 1 0 0 1 0 0 0 1 0 1 1 0 1 1 0 1 0 0 1 0 1 1 1 0 1 0 0 0 1 0 1 0 0 0 0 0 0 0 1 0 1 0 1 1 0 0 0 1 1 1 0 0 0 1 0 0 0 1 0 1 1 0 1 0 0 0 1 1 0 1 0 1 0 0 0 1 0 1 1 1 1 1 0 1 1 1 1 0 1 0 0 1 0 1 1 0 1 0 0 0 1 0 1 1 1 1 1 0 1 0 1 0 1 0 1 0 1 1 0 1 1 1 0 0 0 1 1 0 0 0 0 0 1 1 0 1 0 1 1 0 1 0 1 1 0 1 0 1 1 1 0 1 0 1 0 1 0 1 0 1
1 0 1 1 0 0 0 0 0 1 0 0 0 0 0 0 0 0 0 1 0 0 1 1 0 0 1 0 1 0 1 1 1 1 0 1 1 0 1 1 1 0 0 0 1 1 1 1 1 0 0 1 1 1 0 0 1 0 0 0 1 0 0 1 0 1 1 1 1 1 1 1 1 0 1 0 1 1 1 1 1 1 1 0 1 0 0 0 0 1 1 0 0 1 1 1 1 1 1 0 1 1 0 1 1 1 0 1 0 1 0 1 0 0 1 0 1 0 0 0 0 1 1 1 1 1 1 0 1 1 0 1 1 1 0 0 0 0 0 0 1 1 1 0 0 1 0 1 0 1 1 1 0 1 0 1 0 0 1 0 1 0 0 0 0 1 0 0 1 1 1 0 1 0 0 1 1 0 1 0 0 1 1 1 0 1 0 0 1 1 1 0 0 0 0 0 0 0 0 0
0 0 0 1 1 1 0 0 0 0 1 1 1 1 0 0 0 0 0 0 0 1 0 0 1 0 1 0 0 1 0 1 0 0 0 1 0 1 0 0 1 1 1 0 1 0 1 0 0 0 1 0 1 0 1 0 0 0 1 0 0 1 0 1 1 1 0 0 1 1 1 1 1 1 1 1 0 1 0 1 0 1 0 0 1 0 0 1 0 1 0 0 0 1 1 1 1 1 0 1 0 1 0 0 0 1 0 1 0 1 1 1 0 0 1 0 1 1 1 0 1 0 1 0 1 0 1 0 0 0 0 0 0 0 1 1 0 0 1 1 1 1 1 1 0 0 1 1 1 0 0 0 1 0 0 0 1 0 0 0 1 0 0 0 1 1 0 0 1 1 0 1 1 0 1 1 0 1 0 0 0 1 0 0 0 1 1 1 0 1 1 0 1 1 1 0 0 1 1 0
0 1 1 0 0 1 0 0 0 1 0 1 0 0 0 0 1 0 1 0 0 1 0 1 0 1 0 1 1 1 1 1 1 0 0 1 0 1 1 0 0 1 1 0 0 1 0 0 1 0 0 0 0 1 0 1 1 0 0 0 0 1 1 0 1 0 0 0 0 1 0 0 0 0 0 1 1 0 1 0 0 1 1 1 0 1 0 0 1 1 0 1 0 0 1 0 1 0 0 0 0 1 0 0 0 0 0 1 0 1 1 0 0 0 0 0 1 1 1 1 0 1 0 0 1 1 1 1 1 0 1 1 0 1 1 1 1 0 0 1 1 0 0 0 0 0 1 0 1 0 1 0 0 1 0 1 0 0 1 1 0 1 0 0 1 1 1 1 0 0 0 0 1 0 0 0 1 0 0 0 1 1 0 0 0 1 0 0 0 0 1 1 1 0 0 0 0 1 1 0
0 0 1 0 1 1 0 0 0 0 1 1 0 1 0 0 0 0 0 0 1 0 0 1 0 0 0 1 1 0 1 0 1 0 0 0 1 0 1 0 0 1 1 0 1 1 0 0 0 0 1 1 1 0 1 0 0 1 0 1 1 1 1 0 0 1 0 0 0 0 1 0 1 0 1 0 1 0 1 0 0 0 0 0 1 0 1 0 1 1 0 1 1 1 1 0 0 0 0 1 0 0 0 0 0 1 0 0 1 0 1 0 0 0 1 1 0 1 1 0 0 0 0 0 0 0 1 0 0 0 0 1 1 0 1 1 0 1 0 1 1 1 1 1 1 0 1 1 1 1 0 1 0 0 1 0 0 0 1 0 1 0 0 1 1 1 0 0 1 1 1 1 1 1 1 1 1 1 0 0 0 1 1 0 1 1 1 0 0 1 0 0 0 1 1 1 0 0 1 0
0 0 1 1 1 0 1 1 0 0 1 0 1 1 1 0 1 0 0 0 1 1 1 1 0 1 1 1 0 0 0 1 0 0 1 0 0 1 1 0 0 0 0 0 1 1 1 0 1 0 0 1 1 0 1 0 0 1 0 1 0 1 0 0 0 1 0 0 1 0 1 0 1 0 1 1 0 1 0 1 1 1 1 1 0 0 1 1 1 0 1 1 0 0 1 0 0 0 1 0 1 1 0 1 1 1 0 1 0 0 1 1 0 1 0 0 0 1 0 1 1 1 0 1 0 1 0 0 1 1 1 0 0 0 0 1 1 1 1 1 1 1 1 0 0 0 0 1 0 0 0 0 0 1 0 0 0 0 0 0 0 1 1 1 0 0 0 1 0 1 0 0 0 1 1 1 0 0 0 1 1 1 1 1 0 1 1 1 1 1 1 1 0 0 0 1 1 0 0 0
1 1 1 1 1 0 1 0 0 0 0 0 1 1 0 0 0 0 1 1 1 0 0 0 0 0 1 0 0 1 1 1 1 1 1 1 1 0 0 1 0 0 1 0 1 0 1 1 1 1 0 1 1 1 1 0 0 0 1 0 0 1 0 1 0 1 0 1 0 0 1 0 0 1 0 1 1 0 1 1 0 0 0 1 1 1 1 0 1 1 0 1 0 0 1 0 0 1 0 0 1 0 1 1 0 1 0 0 1 0 1 0 0 0 1 0 0 1 0 1 0 0 1 0 1 0 1 0 0 1 0 1 0 1 1 0 1 0 1 0 0 0 1 0 1 1 0 0 0 0 0 1 1 1 1 0 1 0 1 0 0 0 1 1 1 0 0 0 0 1 0 1 0 1 1 0 0 1 0 0 0 1 1 0 1 0 1 0 1 0 0 1 1 1 1 1 1 0 1 0
1 0 1 0 0 1 1 0 0 1 0 1 0 1 0 1 0 1 0 1 0 1 1 1 0 1 1 1 1 0 1 0 1 0 0 0 1 1 0 1 0 1 0 1 1 1 1 1 0 0 0 0 0 0 0 1 0 1 1 0 0 1 1 0 0 1 0 0 1 1 1 0 1 0 1 1 1 0 0 1 1 0 0 0 0 0 0 1 0 0 1 0 0 1 0 0 1 1 1 0 1 1 0 1 1 1 1 0 1 1 0 0 0 0 1 0 0 0 1 0 0 0 1 1 0 1 0 1 0 0 1 0 1 0 1 0 0 1 0 0 0 1 0 1 0 1 0 1 0 1 0 0 0 0 1 1 0 1 1 0 0 0 0 0 0 1 0 1 0 0 1 1 1 0 1 1 0 0 1 0 0 0 0 1 0 1 1 0 1 1 1 1 0 1 0 1 1 0 0 1
1 0 1 1 0 1 0 0 1 0 0 1 1 0 1 0 0 0 1 0 1 1 1 0 0 0 0 1 0 0 1 0 0 0 1 1 1 0 1 1 1 1 1 0 0 1 1 1 0 1 1 1 0 0 0 0 0 1 1 1 0 1 0 0 0 1 0 0 1 1 1 0 1 1 0 1 0 0 1 0 0 1 1 0 0 0 0 1 0 1 1 0 0 0 0 1 0 0 0 0 0 1 1 1 1 0 1 0 1 1 1 0 1 0 1 0 0 0 1 1 1 0 1 1 0 0 0 0 1 1 0 0 1 0 1 0 0 0 1 1 0 1 1 1 0 0 0 1 0 0 0 1 0 1 0 1 0 1 1 1 1 0 1 0 1 0 1 1 0 1 1 0 1 0 0 0 1 1 0 0 0 0 0 0 0 0 0 0 0 1 0 0 1 1 1 1 0 1 1 0
1 1 0 0 0 0 1 0 0 1 0 0 0 0 1 0 1 1 1 1 0 1 0 0 0 1 1 0 1 0 0 0 0 1 1 1 1 1 1 1 0 1 1 1 0 1 0 0 1 0 0 0 0 1 0 0 1 0 1 1 1 1 1 0 1 1 1 0 1 0 0 0 1 0 0 0 1 0 0 0 0 1 0 0 0 1 1 1 0 0 0 1 0 0 0 0 1 1 1 1 0 1 1 0 0 0 0 1 1 1 1 0 1 1 1 1 1 1 0 0 0 1 1 1 1 1 0 0 1 0 0 1 0 1 0 1 1 0 0 0 0 0 1 1 1 1 1 1 0 1 1 0 0 0 1 1 1 1 1 0 1 1 1 0 0 1 0 0 1 0 0 1 0 1 0 0 1 0 1 1 1 1 1 0 0 0 0 0 0 0 0 0 0 0 0 1 1 0 1 0
1 0 1 0 1 1 1 1 0 0 0 1 0 1 1 0 0 0 1 1 1 1 0 1 1 1 0 1 0 1 0 0 0 0 1 0 1 1 1 1 1 1 0 0 1 1 1 1 1 1 1 0 0 0 0 1 0 1 0 0 0 0 1 1 1 1 1 1 1 0 0 0 0 0 0 1 1 0 1 0 0 1 1 0 1 1 1 0 0 0 1 1 0 1 0 1 1 0 0 1 1 1 1 1 1 0 1 0 0 1 0 1 1 0 0 0 0 1 0 0 1 0 1 0 0 1 0 1 0 1 0 0 0 0 0 1 1 1 1 0 0 1 1 0 1 1 0 0 1 1 1 1 0 0 0 0 1 1 1 1 1 0 0 0 0 0 1 0 1 1 0 0 0 0 0 1 1 0 0 1 0 0 0 0 1 0 0 1 0 1 1 0 1 0 1 0 0 0 0 0
1 0 1 0 1 0 1 1 0 1 0 1 1 1 1 1 0 0 0 0 0 0 1 1 0 1 1 1 0 0 1 1 1 1 1 0 1 0 1 1 1 0 1 0 1 0 1 0 1 0 1 1 1 1 0 1 0 1 1 1 0 1 0 0 0 0 0 0 0 0 0 0 0 1 1 0 0 1 1 1 0 1 1 1 1 0 1 1 0 1 0 0 0 1 1 0 0 0 0 0 1 0 0 1 0 0 0 0 1 1 1 0 1 1 1 0 1 0 1 1 1 1 1 0 1 1 0 1 0 0 0 0 0 1 0 1 0 1 1 1 0 0 1 0 0 1 1 0 0 0 0 1 1 1 0 0 1 0 1 1 0 1 1 1 0 1 0 0 1 0 0 1 0 1 0 0 1 1 1 0 0 1 1 0 0 0 0 0 1 0 1 0 0 1 0 0 0 0 0 0
1 1 0 0 1 0 1 0 0 1 1 0 1 0 1 1 0 0 0 0 0 1 1 0 0 1 0 1 0 1 0 1 1 1 1 0 1 0 1 0 0 0 1 0 0 0 0 1 1 1 1 1 1 1 1 0 0 1 1 0 0 0 1 1 1 1 0 1 0 0 0 1 0 0 1 1 0 0 1 0 1 0 1 0 1 0 0 1 0 0 1 1 0 0 1 1 1 0 0 1 0 1 1 0 1 1 1 1 1 1 1 0 1 0 0 0 1 0 0 0 0 0 1 0 1 1 1 1 0 1 0 1 1 0 0 1 1 1 0 0 0 0 0 1 0 0 0 1 0 1 1 0 0 1 0 1 1 1 0 0 1 1 0 1 1 0 1 0 0 0 1 1 0 0 0 1 0 1 0 1 0 0 1 1 1 1 1 0 0 1 1 1 1 1 0 0 1 1 0 1
0 0 1 0 1 0 1 0 1 1 1 1 1 1 1 0 0 0 0 1 1 1 1 0 1 0 1 0 0 0 1 0 0 1 1 0 0 0 0 0 0 0 0 0 0 1 1 1 1 1 1 0 0 1 0 0 0 0 1 0 0 1 1 1 0 0 0 1 1 0 1 0 1 1 1 0 0 1 1 1 0 0 1 1 1 0 1 1 1 1 1 0 0 0 0 1 1 0 0 1 0 0 0 1 1 1 0 0 0 1 1 0 1 0 1 1 1 0 1 0 1 1 0 1 1 1 1 1 0 1 1 1 0 0 1 1 0 1 0 1 1 0 0 0 1 1 0 0 1 1 1 0 0 1 0 0 0 0 0 0 1 1 1 0 1 0 0 0 1 1 0 1 1 0 1 1 0 0 1 0 0 1 1 1 0 1 0 0 1 0 1 1 1 1 0 0 1 1 0 0
1 0 0 1 1 1 0 0 0 1 1 0 0 0 1 0 0 0 1 0 0 1 0 1 0 0 0 1 0 1 0 0 0 0 0 1 0 0 0 0 1 1 1 0 1 1 1 0 0 1 0 0 0 0 0 1 0 0 0 1 0 1 1 0 1 0 0 0 0 0 0 0 0 0 1 1 0 1 0 1 1 0 0 0 1 0 0 0 1 0 0 0 1 0 0 1 0 1 0 0 0 0 1 0 0 0 0 1 1 0 0 1 0 0 1 1 1 1 1 1 0 0 0 1 0 0 0 0 0 0 0 0 0 1 0 0 1 1 0 1 0 1 0 0 0 0 0 1 1 1 0 1 1 1 0 1 0 1 0 1 1 1 1 1 1 1 0 1 0 1 0 0 0 0 0 1 0 1 0 0 0 1 1 1 0 1 0 1 1 1 0 1 1 0 1 1 0 1 1 1
1 0 1 0 1 0 1 0 0 0 1 0 1 1 1 0 1 1 1 0 1 1 1 1 1 0 1 0 0 0 0 0 0 0 1 1 1 1 1 0 1 0 1 1 0 1 0 0 1 0 1 0 0 1 1 0 0 1 0 0 1 1 1 1 1 0 1 1 1 0 1 0 1 0 1 0 1 1 0 0 1 0 0 0 0 1 0 1 0 1 1 0 0 0 0 0 1 1 0 1 0 1 1 1 1 1 1 1 0 0 0 0 1 0 0 1 0 0 1 1 1 0 0 1 1 1 0 1 1 1 1 1 0 1 0 0 1 0 1 0 0 0 1 1 0 1 0 1 0 0 0 0 1 0 0 1 1 1 0 1 1 0 0 0 1 0 1 0 1 1 1 1 0 1 0 0 1 1 0 1 0 0 1 0 0 0 0 1 1 0 0 1 1 1 1 0 0 1 1 1
0 1 0 0 1 1 0 1 0 1 0 0 1 0 1 1 0 0 0 0 1 1 0 1 1 0 0 1 0 0 0 1 1 1 1 1 0 1 1 0 0 1 1 0 1 1 0 0 1 0 1 1 1 1 1 0 1 1 0 0 0 1 0 1 1 0 0 1 0 1 0 0 0 0 1 1 1 0 0 0 0 0 0 1 1 0 1 0 0 1 1 0 1 1 1 1 0 0 0 1 1 1 1 1 1 0 0 1 1 1 0 1 0 0 0 0 0 0 1 0 1 1 0 0 1 1 0 1 1 0 0 1 0 1 0 1 0 1 1 1 0 0 0 0 1 0 1 0 0 0 1 0 0 1 1 1 1 1 0 1 1 1 1 0 1 1 1 1 1 1 1 1 0 0 1 0 1 0 0 0 0 0 1 1 1 0 0 1 0 1 0 1 0 0 1 1 1 0 1 1
0 0 0 1 0 1 1 1 1 0 0 0 0 1 0 0 1 1 1 1 0 1 1 1 1 0 0 1 0 1 1 0 1 0 1 1 0 0 1 1 0 1 1 1 0 0 1 0 1 1 1 0 0 1 0 0 1 0 0 1 1 0 0 1 0 0 0 0 1 1 1 1 1 0 1 0 0 0 1 0 1 0 0 1 0 0 1 0 1 1 1 1 1 1 0 1 0 1 1 0 0 1 0 0 1 0 1 1 0 0 1 1 0 0 1 1 0 0 1 0 1 0 1 0 0 0 0 0 0 1 0 0 1 0 0 0 1 0 0 1 1 0 1 0 1 0 0 0 0 1 0 0 0 0 0 1 1 1 0 1 1 0 1 1 1 1 1 0 0 0 1 1 1 1 0 0 0 0 0 1 1 0 0 0 1 0 1 1 1 1 1 1 0 0 1 0 1 0 1 0
1 0 1 1 1 1 1 0 0 1 0 1 0 1 1 1 1 0 0 0 0 0 1 1 0 1 0 1 1 1 1 0 1 1 0 0 1 1 1 0 0 1 1 1 0 1 0 0 0 1 1 0 0 1 0 1 0 1 1 1 1 1 1 1 1 1 1 1 1 0 1 0 0 0 1 0 0 1 0 1 1 0 0 1 1 1 1 0 0 1 0 1 1 1 1 0 1 0 0 0 0 0 1 0 0 0 1 0 0 1 1 0 1 0 1 0 0 0 1 0 1 0 0 1 1 0 1 0 1 1 1 0 1 1 1 0 0 1 1 1 0 1 1 1 1 0 0 0 0 0 0 0 1 1 0 1 1 1 0 0 1 1 1 1 1 0 1 1 1 1 0 1 0 1 1 1 0 1 0 1 0 1 1 1 1 0 0 1 0 0 0 1 0 0 1 1 0 0 1 0
0 0 1 1 1 1 0 0 0 0 0 1 1 1 1 1 1 0 1 1 1 0 1 0 1 1 0 0 0 0 1 1 0 0 1 1 0 1 0 0 1 1 1 0 0 0 1 1 0 0 1 1 1 0 1 0 0 1 1 0 1 0 1 0 0 1 1 0 0 1 0 0 1 0 0 0 1 0 1 1 0 1 0 0 1 0 1 1 0 1 0 1 0 0 0 1 0 0 0 0 1 1 1 1 0 0 1 0 1 1 0 1 1 1 0 1 0 0 1 1 1 1 0 0 1 0 0 1 0 0 1 0 0 1 1 0 1 0 0 1 1 0 0 1 0 0 0 0 0 0 1 1 0 1 1 1 1 1 1 0 0 0 0 1 0 1 1 0 0 1 1 1 1 1 0 0 0 0 1 0 0 0 0 1 1 1 1 0 0 0 0 0 1 1 1 0 1 1 0 0
1 0 1 0 0 1 1 0 0 0 1 1 0 0 0 0 0 1 0 1 1 0 1 0 1 1 0 0 1 0 1 0 0 1 1 1 1 1 1 0 1 0 0 1 0 0 0 1 0 0 0 1 0 1 1 0 1 1 1 1 0 0 1 0 0 1 0 0 1 0 1 0 1 1 1 1 0 1 1 0 0 0 0 0 1 1 0 0 1 1 0 1 0 0 1 0 0 1 0 0 0 0 0 1 1 1 1 0 0 1 1 1 1 1 1 1 1 1 0 1 1 0 1 0 1 0 0 0 1 1 0 0 0 1 1 1 1 0 0 0 0 0 0 0 1 1 1 0 1 0 1 0 1 1 0 1 0 1 0 1 0 1 1 0 0 1 1 1 0 1 1 1 1 1 1 1 1 0 1 1 0 0 1 1 1 0 1 0 0 0 1 1 0 0 0 0 1 1 1 0
1 1 0 1 0 1 1 1 0 1 0 0 0 1 0 0 0 0 0 1 0 1 0 1 1 1 0 0 0 1 0 0 1 1 1 1 1 0 0 1 0 0 0 1 1 1 0 1 1 0 1 1 0 1 0 1 1 1 1 0 1 0 1 1 1 1 0 1 0 1 1 1 1 1 0 0 1 0 1 0 1 1 1 1 1 0 0 0 1 0 1 1 1 1 1 1 0 1 0 1 0 1 0 0 1 1 1 0 1 0 1 1 0 0 0 0 0 1 0 1 1 1 1 1 0 1 1 0 1 0 0 0 1 0 1 0 0 1 1 0 0 0 0 1 0 1 0 1 0 0 0 1 1 0 1 1 0 0 1 0 0 0 0 1 0 1 1 0 1 0 0 1 0 1 0 0 0 0 0 0 0 1 0 1 0 1 0 0 0 0 1 1 0 1 0 1 0 0 0 0
0 1 0 1 1 0 1 1 0 0 1 0 1 0 1 1 1 0 0 0 1 1 0 0 1 1 1 0 1 1 0 0 0 0 0 1 0 1 0 1 0 1 1 1 0 1 0 1 1 0 1 0 0 0 1 0 0 0 1 1 0 0 1 0 0 0 1 0 1 0 1 1 1 1 1 1 1 0 1 1 1 1 0 1 1 0 0 1 0 0 0 1 1 0 0 0 0 1 0 0 1 1 0 1 1 1 1 1 0 0 1 1 0 1 1 0 1 1 1 1 0 0 1 1 0 1 1 0 1 0 0 1 1 0 1 0 1 1 0 0 1 0 0 0 1 0 0 0 0 0 0 0 0 0 1 0 0 1 1 0 0 1 0 1 1 0 1 1 0 0 0 0 0 0 0 1 0 0 1 1 1 1 1 0 1 1 1 0 0 1 0 0 0 1 1 0 0 0 1 1
0 1 1 1 0 1 1 0 1 0 1 0 1 1 0 1 1 0 0 1 0 0 0 0 0 0 0 0 0 1 1 0 0 0 1 1 0 0 0 1 0 0 1 0 0 1 1 1 1 1 0 0 1 1 1 1 0 1 1 0 1 1 1 1 0 1 0 0 0 1 0 0 1 1 1 0 1 0 1 0 0 0 1 1 0 1 0 0 0 1 1 1 1 0 0 1 1 0 1 0 0 0 0 0 0 1 1 0 1 0 1 0 0 0 0 0 0 0 0 0 1 0 0 0 0 0 1 1 1 0 0 0 0 0 1 1 1 0 1 1 0 0 0 1 1 1 0 1 1 0 1 1 0 0 1 0 0 0 0 1 0 1 0 1 1 0 1 0 0 0 1 0 0 0 1 1 0 1 1 1 0 1 0 0 1 1 1 0 0 1 1 1 1 0 0 0 0 0 1 0
1 0 0 1 0 0 1 0 1 0 1 1 1 0 1 1 0 0 1 0 1 0 1 0 1 1 1 1 1 0 1 0 1 0 1 0 1 1 0 0 1 1 0 0 1 0 0 1 0 0 1 0 0 0 1 1 1 1 1 0 0 0 0 0 0 0 0 1 1 0 0 1 1 1 0 1 0 1 0 1 1 1 1 1 1 1 0 1 0 0 1 1 0 0 1 1 1 1 0 0 0 1 0 0 1 0 1 1 0 0 0 0 1 1 1 1 1 0 0 0 0 1 1 1 0 0 0 1 1 0 0 0 1 1 1 1 0 0 0 0 1 1 0 1 0 0 1 1 0 1 0 1 1 0 1 0 1 1 1 1 0 1 1 0 0 1 0 0 0 0 1 0 1 0 1 1 1 0 0 0 0 1 1 1 1 1 0 1 1 1 1 1 0 1 1 0 0 0 0 1
0 0 0 0 0 0 0 0 1 1 1 0 0 0 1 0 0 0 0 1 1 1 0 0 1 1 0 1 0 1 1 1 0 0 0 0 1 1 0 1 0 0 0 0 0 0 0 0 1 0 1 1 0 0 0 1 0 1 0 0 1 0 1 1 1 1 1 1 1 1 1 1 1 0 1 0 0 1 1 1 1 0 0 0 0 1 0 1 0 1 1 0 0 0 1 0 0 0 1 1 1 0 1 1 0 1 0 0 0 0 1 0 1 0 1 0 0 0 0 0 0 0 0 0 0 0 1 0 1 0 1 0 1 0 0 1 0 1 0 0 0 1 1 1 1 0 0 1 0 0 1 0 0 1 0 1 1 1 0 0 1 0 1 1 0 1 0 1 1 1 1 1 1 0 1 0 1 0 1 1 0 0 1 1 1 1 1 1 0 0 0 0 1 1 1 1 1 1 1 1
0 1 1 0 1 1 0 0 1 1 1 0 0 0 0 0 1 1 0 1 1 0 1 0 1 0 1 1 0 0 1 1 1 1 1 1 1 0 1 0 0 1 0 0 1 0 1 1 1 0 1 0 0 0 1 0 1 0 1 0 0 0 0 0 1 1 0 1 0 0 0 0 0 1 1 1 1 0 0 1 1 1 1 1 0 1 0 0 1 0 0 1 0 0 0 1 0 1 1 1 1 1 1 1 1 0 1 1 0 0 0 0 1 0 0 0 0 0 0 0 1 1 0 1 1 0 0 1 1 0 1 1 0 0 1 0 1 1 1 1 0 1 0 0 0 0 0 1 1 0 0 1 0 0 1 0 0 0 0 0 1 1 1 0 1 1 1 0 0 0 0 1 1 0 1 0 1 0 0 0 1 1 0 0 0 0 0 1 1 1 0 0 1 1 1 1 0 1 0 0
1 0 0 1 1 0 0 1 0 0 0 1 1 0 0 0 1 0 0 1 1 1 1 1 1 0 0 1 0 0 0 0 0 1 0 1 1 1 1 1 0 0 0 1 1 1 1 0 1 1 0 1 1 0 1 0 1 1 0 1 1 1 0 1 0 0 1 1 0 1 1 1 0 1 1 0 0 1 0 1 1 1 0 1 0 0 0 0 0 1 1 0 1 1 0 0 0 0 0 0 0 0 1 1 0 0 1 1 0 0 0 1 1 0 1 0 1 1 1 0 0 1 0 0 0 1 0 0 1 0 0 1 0 0 0 0 1 0 0 0 0 1 0 1 0 1 0 1 0 0 1 1 0 1 0 0 0 0 0 0 1 1 1 0 0 1 0 1 0 0 0 0 1 1 1 1 0 1 0 1 0 0 1 0 1 0 1 0 1 0 1 1 0 0 1 1 1 0 1 0
0 0 1 1 0 1 0 0 1 0 0 0 1 0 1 0 1 0 1 1 0 1 1 0 0 0 0 0 0 0 0 1 1 0 1 0 0 1 1 1 0 1 1 1 1 1 0 0 1 0 0 1 1 1 0 0 1 1 0 1 1 0 0 0 1 0 0 0 0 1 0 1 1 1 1 1 1 1 0 1 1 1 0 0 1 1 1 0 1 1 1 1 0 0 1 0 0 0 0 0 0 1 0 0 1 0 0 0 0 1 0 0 1 1 1 1 1 0 1 0 0 0 1 0 1 1 0 1 0 1 1 0 1 0 1 0 0 0 1 0 1 1 1 1 1 0 0 0 0 0 1 0 0 0 0 0 0 0 0 1 0 0 1 0 0 1 1 0 0 1 1 1 1 0 0 0 1 0 0 1 0 1 1 0 0 0 0 0 1 0 1 0 0 0 0 1 0 0 1 0
0 1 0 0 0 1 0 0 0 1 1 0 1 0 1 1 0 1 1 1 1 0 0 1 0 1 1 0 0 1 0 1 0 0 0 1 0 1 0 1 0 1 0 0 1 0 1 0 1 0 1 1 0 0 1 0 1 0 0 0 1 0 1 0 1 0 1 0 0 1 1 0 1 0 1 0 1 1 1 0 0 1 1 0 1 1 0 1 1 0 0 1 0 1 1 1 0 0 0 0 0 1 1 0 1 1 0 1 0 0 1 1 1 0 1 0 1 1 1 0 1 0 0 1 1 0 0 0 1 1 1 1 1 1 0 0 1 0 0 1 1 0 0 0 0 1 0 0 1 1 0 1 1 0 0 1 1 1 0 0 0 0 1 0 0 0 0 1 0 0 0 0 0 1 1 0 0 0 0 0 1 1 0 1 1 0 1 1 1 1 0 0 1 1 0 0 1 0 0 0
1 0 1 1 0 0 0 0 1 1 1 0 1 1 0 0 0 1 1 0 1 0 0 1 0 0 0 0 0 1 0 0 0 1 0 1 0 0 1 1 0 1 0 0 0 0 1 1 1 0 0 0 0 0 0 0 0 0 0 0 1 0 1 0 0 1 1 0 1 0 1 0 0 1 1 0 1 0 0 0 1 0 0 1 1 1 1 1 0 0 0 1 0 0 1 1 0 0 1 0 0 0 0 1 0 0 0 0 0 0 1 1 0 0 1 1 0 0 1 0 0 1 0 1 1 0 0 0 0 1 0 0 0 1 0 0 0 1 1 0 0 1 0 1 1 1 1 1 1 0 0 1 1 1 0 1 1 0 1 0 1 1 0 1 1 1 0 0 0 0 0 1 1 1 0 1 0 0 1 0 1 0 0 0 1 1 1 1 0 0 1 1 1 1 0 0 0 1 0 1
1 0 0 1 0 0 1 0 1 0 0 0 1 1 1 0 1 1 0 0 1 0 0 1 1 0 1 0 1 1 1 0 0 0 0 0 0 1 0 0 1 0 0 0 0 0 1 0 0 1 1 1 1 1 1 1 0 1 1 0 0 1 1 1 1 0 1 0 0 0 0 1 0 0 1 1 1 0 1 1 1 1 0 0 1 1 1 0 1 0 1 1 1 1 1 0 1 1 1 0 1 0 0 1 1 1 0 0 0 1 0 0 1 1 0 0 1 1 1 0 1 0 0 1 0 1 0 1 1 1 1 0 1 1 1 1 1 1 0 0 0 0 0 1 1 1 1 1 0 0 1 1 0 0 1 1 1 0 1 1 0 0 1 1 0 0 1 1 1 0 0 0 1 1 0 1 0 0 0 0 1 1 0 1 1 1 1 1 0 1 0 1 1 0 1 1 0 1 1 1
1 0 0 1 1 1 0 0 0 0 1 1 1 1 1 1 0 0 1 0 0 0 1 1 0 0 1 1 1 0 0 0 1 1 0 1 1 1 0 1 1 0 1 0 0 1 1 0 0 0 1 0 0 1 1 1 1 0 1 1 1 0 1 0 1 0 0 1 0 0 1 1 0 1 1 1 0 1 0 0 0 0 0 1 1 1 0 1 0 1 1 0 0 0 0 1 1 1 1 0 1 0 1 1 0 1 1 1 0 1 1 1 1 0 1 1 0 1 0 1 0 0 1 0 0 1 1 0 0 0 1 1 1 0 0 1 1 0 1 1 0 0 0 0 1 0 0 0 0 1 0 0 1 1 0 0 0 1 1 1 0 0 0 0 0 1 1 0 1 1 0 1 1 1 0 1 1 1 1 1 0 1 0 1 1 1 0 0 0 0 1 0 1 1 1 1 0 0 0 0
1 0 1 0 0 1 1 1 1 1 0 1 1 0 1 1 0 1 0 1 1 1 0 0 0 1 0 1 0 0 0 0 1 0 0 1 1 1 0 1 1 1 1 1 0 1 0 1 1 1 1 1 0 0 1 0 1 0 1 1 1 1 0 0 0 0 1 0 1 1 1 0 1 0 1 0 1 1 1 1 1 1 0 1 1 0 1 1 1 1 0 0 0 1 1 1 1 0 0 0 0 1 0 0 1 0 0 0 1 1 1 0 1 0 1 0 1 1 0 1 1 0 0 0 1 0 0 0 0 0 0 0 1 0 1 1 1 1 0 1 0 0 1 0 0 1 0 1 1 0 0 0 0 0 1 0 0 0 0 0 1 0 0 1 1 1 1 1 1 1 0 1 0 1 1 0 1 0 0 0 0 0 1 1 1 1 0 0 0 1 0 1 1 0 1 1 0 1 1 1
1 1 1 0 0 1 1 0 0 1 0 0 0 1 0 0 0 1 0 0 1 0 0 0 1 1 0 0 0 0 1 1 0 0 1 0 1 1 1 0 0 1 1 0 1 0 1 1 1 0 0 1 0 0 1 1 1 0 1 0 1 0 0 1 0 1 0 1 0 1 1 0 0 0 0 1 0 0 0 0 0 1 0 0 0 0 0 0 1 1 1 0 1 1 0 0 0 1 1 1 1 1 0 1 0 1 0 1 1 1 0 1 0 1 1 0 1 0 1 0 1 0 1 1 1 1 1 0 1 1 0 0 0 0 0 1 1 0 1 1 1 1 0 0 1 1 1 0 0 0 1 0 1 0 1 0 0 0 1 1 1 0 1 0 0 1 0 0 0 0 0 0 0 0 0 0 1 1 1 0 1 1 1 1 0 1 0 1 1 1 1 0 0 1 1 1 1 0 1 0
1 1 1 1 0 1 1 0 0 0 0 0 1 0 0 0 0 0 1 1 1 1 1 1 1 0 0 1 1 1 0 1 1 1 0 1 1 1 0 1 0 1 0 1 1 1 0 1 1 1 0 0 0 0 1 0 1 0 1 0 0 1 0 1 0 1 1 0 1 1 1 1 0 1 0 0 1 1 1 1 0 1 0 0 0 0 1 1 1 1 0 1 1 1 0 1 0 0 0 1 1 0 1 1 1 1 0 1 1 0 0 0 1 1 0 1 0 0 1 0 0 1 1 1 0 1 1 0 1 1 1 0 1 1 1 0 1 1 0 1 1 0 1 0 0 0 0 0 0 1 0 0 1 0 1 1 0 1 1 0 1 0 1 1 0 1 0 0 1 0 0 0 1 1 0 0 1 0 1 1 0 1 0 0 1 1 1 0 1 1 0 0 0 0 1 1 0 1 0 0
1 1 0 0 1 1 1 0 0 0 1 1 0 0 0 0 1 0 1 0 1 0 0 0 1 1 1 1 0 1 1 1 0 1 1 1 1 1 0 0 1 1 0 1 0 0 0 0 0 0 0 0 0 1 0 0 1 1 0 0 0 0 1 0 0 0 1 0 1 1 1 0 0 1 0 1 0 0 0 1 1 1 0 1 1 0 1 1 1 0 0 1 1 1 1 0 1 1 1 1 1 1 0 1 0 0 0 0 1 0 0 1 0 0 0 0 0 1 0 1 0 0 0 1 0 0 1 1 0 1 0 1 1 1 1 0 0 1 0 1 0 0 0 0 0 1 1 0 1 0 1 0 0 1 1 0 1 1 1 0 0 0 1 1 0 0 0 1 1 0 1 1 0 0 0 0 1 1 0 1 1 1 0 1 0 1 1 1 0 1 1 1 1 1 1 1 1 0 1 0
0 1 0 0 1 0 1 0 0 0 1 0 1 1 1 1 0 0 1 0 0 0 1 1 0 1 0 1 1 1 0 0 1 1 1 1 0 0 1 0 1 1 1 0 1 0 0 0 0 1 1 0 0 0 0 0 0 1 1 0 1 0 1 1 0 0 0 1 0 0 1 0 1 1 1 0 0 0 0 0 0 0 1 1 0 0 1 1 0 0 0 0 0 1 1 0 0 1 1 1 1 0 1 1 0 1 1 1 1 0 1 0 1 0 0 1 1 0 0 1 0 0 1 0 0 1 0 1 0 1 0 1 1 1 1 0 1 1 0 0 0 1 0 0 1 1 0 0 1 1 1 1 0 1 1 0 0 1 1 0 0 1 0 0 0 0 0 1 0 1 0 0 1 0 0 1 1 0 1 0 0 1 1 1 0 0 1 0 1 1 1 0 0 0 0 1 1 1 1 1
1 0 1 1 0 0 0 0 0 0 0 1 0 0 1 0 0 0 0 1 0 0 0 0 0 0 1 0 1 1 0 1 1 0 1 1 0 0 1 0 0 1 0 1 1 0 0 1 0 0 0 0 0 1 0 1 0 1 0 0 1 1 1 0 1 1 1 1 0 1 1 1 1 1 1 1 1 1 0 1 0 0 0 0 1 1 0 1 0 0 0 0 0 0 1 1 0 0 0 1 1 1 0 1 0 0 0 1 0 1 0 1 0 1 0 0 0 0 1 0 0 0 1 0 1 1 0 0 0 0 0 1 1 0 1 0 1 1 0 1 0 0 0 1 0 0 0 0 1 0 0 1 1 1 1 0 1 1 1 1 0 1 1 0 1 0 1 0 0 0 1 1 0 0 1 0 0 1 0 0 0 1 0 0 1 0 0 0 0 1 1 0 1 0 0 1 0 0 1 0
0 1 1 0 1 1 1 1 0 1 0 1 0 0 0 0 1 1 1 1 0 1 0 0 0 0 0 0 1 1 1 1 0 1 0 1 0 0 0 1 1 1 0 0 1 0 0 1 1 1 1 1 0 0 0 1 1 1 0 0 1 0 0 1 1 0 1 0 1 0 1 1 0 0 1 0 1 0 0 0 0 0 0 0 1 1 0 1 1 0 0 0 0 1 0 0 0 0 0 0 1 1 1 1 0 0 1 1 1 0 0 0 1 0 1 0 1 0 1 1 0 0 0 1 1 1 1 1 0 0 1 0 1 0 1 0 0 1 1 1 0 0 1 1 0 1 0 1 0 1 0 1 1 0 0 0 1 0 1 0 0 0 0 1 0 1 1 1 0 0 1 0 1 1 1 0 0 1 0 1 1 1 1 1 1 1 0 1 1 1 0 1 1 0 1 1 0 1 0 1
1 1 1 0 0 0 1 0 1 0 1 0 1 0 0 0 1 0 0 1 1 0 0 0 1 1 0 0 0 0 1 0 1 0 1 1 1 1 0 0 1 1 1 1 0 0 0 1 1 1 1 1 0 1 1 1 0 1 1 1 1 0 0 1 0 1 0 1 1 0 0 0 1 0 0 1 0 1 1 0 1 1 1 1 0 1 1 0 1 0 1 0 0 0 0 1 0 1 1 0 1 1 1 1 0 1 0 0 1 1 1 1 0 1 0 0 1 1 0 1 1 0 0 1 0 1 0 0 1 1 0 0 1 0 0 0 1 0 0 1 0 1 0 1 1 1 1 0 0 0 1 1 1 1 0 1 0 0 1 1 0 1 1 0 0 1 0 0 1 0 1 1 1 1 1 0 1 1 1 0 1 1 0 0 0 0 0 1 1 1 0 0 1 1 1 1 1 0 1 0
1 0 0 0 1 0 0 0 1 0 1 0 0 1 1 0 1 1 1 1 0 1 1 0 1 0 0 1 0 1 1 1 1 1 0 0 0 1 1 1 0 1 0 1 1 0 1 1 1 0 0 0 0 0 1 1 1 1 0 1 0 0 1 0 1 1 1 0 0 1 0 1 0 1 0 1 1 0 1 1 1 0 0 1 0 0 0 0 1 1 1 1 1 1 0 0 1 1 0 0 0 0 1 1 0 1 0 0 0 0 0 0 1 0 0 0 1 1 1 0 1 0 1 0 1 1 0 1 0 1 0 0 0 0 1 1 0 1 0 0 1 0 0 0 0 0 0 1 0 0 0 1 1 0 1 1 0 0 0 1 1 0 1 0 1 0 0 0 0 0 0 0 0 0 0 0 0 0 1 0 0 0 1 1 0 0 0 0 1 1 0 0 1 0 1 1 0 0 0 1
1 0 0 0 1 1 0 1 0 0 1 0 0 0 0 1 1 1 1 1 0 0 0 0 0 0 0 0 0 1 1 0 1 1 1 0 1 0 0 0 1 0 1 1 1 0 1 1 0 0 0 0 1 0 1 0 1 1 1 0 0 1 1 0 0 0 1 1 0 0 1 0 0 1 1 1 0 0 1 1 0 1 1 0 1 1 0 1 0 0 1 0 1 0 0 0 1 1 0 1 1 0 1 1 1 0 1 0 1 1 1 1 0 1 1 0 0 1 0 1 1 0 0 0 0 1 0 0 0 0 0 1 1 1 0 1 0 0 0 0 0 1 1 0 1 1 1 1 0 1 1 1 1 0 0 1 0 1 1 0 1 0 0 1 1 0 1 1 1 0 1 0 1 1 0 0 0 0 0 0 1 0 1 1 1 1 1 1 0 0 1 1 1 1 0 0 1 1 1 1
0 0 0 1 0 1 0 0 0 0 0 0 0 0 1 0 1 1 0 0 0 0 1 1 0 1 1 0 1 1 0 0 1 1 0 1 0 1 0 1 0 0 1 1 0 1 1 1 1 0 1 1 0 1 1 0 0 0 0 1 1 1 1 0 0 1 0 0 1 0 0 1 1 1 0 0 1 1 1 0 0 0 0 0 0 0 1 1 0 1 1 1 0 1 0 1 0 0 1 1 0 1 0 1 1 0 1 0 1 1 0 1 1 1 0 1 1 1 1 0 1 1 1 0 1 1 0 1 1 1 0 0 0 0 0 0 0 0 1 1 0 1 0 1 1 0 1 1 1 1 0 0 0 1 1 1 1 1 1 0 1 1 1 0 1 1 0 0 0 0 1 1 0 1 0 1 0 1 0 1 1 0 1 1 1 1 1 1 1 1 1 0 0 0 0 1 0 1 1 0
0 0 1 1 1 1 0 0 1 0 1 0 0 1 1 1 1 0 0 0 0 0 1 1 0 1 0 1 0 1 1 1 1 0 0 1 1 1 0 1 1 0 1 0 0 0 1 1 0 0 1 1 1 1 1 0 1 1 0 0 1 1 1 0 1 0 0 1 0 0 1 0 1 0 0 0 0 1 0 0 0 1 0 0 1 0 1 0 0 0 0 1 1 0 1 0 0 1 0 0 1 1 0 1 1 1 0 0 0 0 0 0 1 1 1 0 1 1 1 1 0 1 1 0 1 0 1 1 0 1 1 0 1 1 1 1 0 0 0 0 1 0 0 0 0 1 0 0 0 0 0 1 0 1 1 0 1 1 1 0 0 1 0 1 1 1 0 0 1 0 0 0 0 0 1 0 1 1 0 0 1 1 0 1 0 0 0 0 0 1 1 0 0 0 1 0 0 0 1 1
0 0 0 0 0 1 0 1 0 0 1 1 1 0 1 0 1 0 0 0 1 1 1 0 1 0 1 0 0 1 1 0 0 1 0 1 0 1 1 1 0 1 1 0 0 1 0 0 1 1 1 1 0 0 1 0 0 0 0 1 1 1 1 1 1 1 0 0 0 0 1 0 1 1 1 1 1 1 1 0 1 0 0 0 1 0 1 0 0 1 1 1 0 1 1 0 0 1 0 1 1 1 0 0 1 1 0 0 0 0 0 1 0 1 1 0 1 0 0 1 1 0 0 1 0 1 0 0 1 0 1 1 1 1 0 0 1 1 0 0 1 0 0 1 0 0 1 0 0 1 1 1 1 0 0 1 0 1 1 1 1 0 0 0 1 0 0 1 0 0 1 1 0 0 0 1 1 0 1 1 0 0 1 0 1 0 1 1 1 1 1 0 1 0 0 0 0 1 0 0
1 1 1 0 0 0 1 0 0 1 1 1 1 1 1 1 0 0 1 0 1 0 1 0 1 1 1 0 0 0 0 0 0 1 0 1 1 0 0 0 1 1 1 1 1 0 1 0 0 0 0 1 0 1 0 1 1 0 0 1 1 1 0 0 0 1 1 0 0 1 0 0 0 1 0 0 0 0 0 0 0 0 0 1 0 1 0 0 1 1 0 1 1 1 1 0 0 0 0 1 0 0 0 0 0 0 0 0 1 1 1 0 1 1 1 0 0 0 1 1 0 0 0 1 1 1 1 0 0 1 1 1 1 0 1 0 0 0 1 1 1 1 1 1 1 1 1 1 0 1 0 1 1 1 0 1 1 0 0 0 0 1 0 0 1 1 0 1 0 0 0 0 1 1 0 0 1 0 0 1 0 0 1 0 0 1 0 1 1 0 1 0 0 1 1 1 1 0 0 1
1 0 0 1 1 0 1 0 0 0 1 1 0 1 1 0 1 1 1 1 1 0 1 1 0 1 0 1 1 1 1 1 1 1 0 1 0 0 0 0 1 0 1 1 0 0 0 0 0 0 0 1 1 0 1 1 0 0 0 1 1 0 0 0 0 0 1 0 1 0 1 0 0 1 1 1 1 0 0 1 0 0 1 1 1 1 1 1 1 1 1 0 0 0 1 1 1 1 0 1 1 1 1 0 1 1 0 0 0 0 1 0 0 1 1 0 1 1 0 1 0 1 0 1 1 1 1 1 1 0 0 0 0 1 1 0 0 0 1 0 0 0 1 0 0 0 1 0 0 1 1 1 0 0 0 0 0 1 0 0 0 0 0 1 1 0 1 1 0 1 0 1 1 1 1 0 0 1 0 1 0 0 0 0 1 1 0 0 1 1 1 1 0 0 1 0 0 1 0 0
1 0 1 0 1 1 1 0 1 0 0 0 1 1 1 0 1 1 0 1 1 0 0 1 1 1 0 0 1 1 1 1 0 1 0 1 0 0 1 0 0 1 1 0 1 1 0 1 0 1 1 0 1 0 0 1 1 0 0 0 1 1 1 0 1 0 0 1 1 0 0 1 0 0 1 1 1 0 0 0 1 0 0 0 0 0 1 1 1 0 1 0 0 0 0 1 1 1 0 1 1 1 1 1 1 0 0 0 0 0 1 1 0 0 0 1 0 1 1 0 1 1 0 0 1 1 0 0 0 1 1 0 0 0 1 0 1 0 1 1 0 1 0 1 1 1 0 1 1 1 1 1 1 1 1 1 1 1 0 0 0 0 1 0 1 0 1 0 0 1 1 0 0 0 1 0 1 0 0 1 0 1 1 0 1 1 0 1 1 0 1 0 1 1 0 1 1 1 0 0
0 1 1 1 0 0 1 1 1 1 1 0 0 1 1 1 1 1 0 0 0 1 1 1 1 0 0 0 1 0 1 1 1 0 0 0 0 0 1 1 1 0 1 0 0 0 1 0 0 0 1 1 0 0 1 1 1 0 1 1 0 0 0 0 1 1 0 1 0 1 1 1 1 1 1 0 0 0 0 1 1 1 1 1 1 0 0 0 1 0 0 0 1 0 1 0 1 0 0 0 0 0 0 1 0 0 1 1 0 1 1 0 1 1 0 1 0 0 0 1 0 1 0 1 1 0 0 0 0 0 0 0 0 1 0 0 1 0 0 1 0 0 1 1 1 1 1 0 1 1 0 0 1 1 1 1 0 1 1 0 1 0 1 1 0 0 0 1 1 1 1 1 0 0 0 0 0 1 0 0 0 1 0 1 1 1 1 1 0 0 0 1 0 1 0 0 1 0 1 0
0 0 0 0 1 1 0 1 1 1 1 0 0 1 0 1 1 1 1 0 1 1 0 1 0 0 0 1 0 0 0 0 0 1 0 1 0 1 1 0 1 0 1 1 1 1 0 1 0 0 1 0 0 0 1 1 1 0 0 1 1 1 0 1 0 1 1 0 1 1 1 0 1 0 0 0 1 1 1 0 0 0 0 0 1 1 0 0 0 0 1 1 0 0 1 0 1 1 1 1 1 1 0 0 0 0 1 1 0 1 0 0 0 1 0 0 0 0 1 1 0 0 0 1 1 0 1 1 1 0 1 1 1 1 0 0 1 0 0 0 0 0 1 0 1 0 0 1 0 0 1 1 0 0 0 1 0 1 0 0 1 1 1 0 0 1 0 0 0 1 1 0 0 0 0 0 1 1 1 0 1 0 0 1 1 1 0 0 0 1 1 1 1 0 1 0 1 0 0 1
0 0 0 0 1 0 0 1 0 1 1 0 1 0 0 0 0 0 0 1 1 1 1 1 0 1 1 0 1 0 1 1 0 1 1 0 0 1 1 1 0 0 1 0 1 1 1 0 0 1 0 0 1 0 1 0 1 0 0 0 0 1 1 0 0 0 1 0 0 0 1 0 0 1 0 0 0 1 0 1 0 0 0 0 0 1 1 1 0 0 0 1 1 0 1 0 1 1 1 0 1 0 1 0 1 0 1 0 0 1 1 1 1 0 0 0 0 0 0 0 0 1 1 1 1 0 1 0 0 1 1 0 0 0 1 1 1 0 1 0 0 1 1 0 1 0 0 0 0 1 1 1 1 0 1 0 0 0 1 1 0 0 1 1 1 0 0 1 1 0 1 1 0 0 1 1 1 0 1 1 0 1 1 1 0 0 1 0 1 0 0 1 0 1 1 1 1 1 0 1
1 0 0 0 1 1 1 1 0 1 1 0 0 0 1 1 1 0 0 0 1 1 0 0 1 0 0 0 0 0 1 1 1 1 0 0 0 1 0 0 0 0 1 0 0 1 0 1 1 1 1 0 0 1 0 1 0 0 1 0 0 0 0 0 0 0 0 1 0 0 0 0 0 0 0 0 0 0 1 0 0 1 1 1 1 0 1 1 0 1 1 0 1 1 0 1 1 1 1 0 0 1 1 1 1 0 1 1 0 0 0 0 1 0 0 0 1 1 1 0 1 0 1 0 0 1 0 1 1 1 1 0 0 1 1 0 0 1 0 1 1 0 1 1 1 0 0 0 0 1 0 1 0 0 1 1 1 1 0 1 0 1 0 0 1 1 1 0 0 0 0 0 0 0 0 0 0 1 0 1 0 0 0 1 1 0 0 1 0 0 0 0 0 0 1 0 1 1 1 1
0 0 0 1 0 0 1 0 0 0 0 1 0 1 0 1 0 1 0 0 1 1 1 1 1 0 1 1 1 0 1 1 1 0 0 0 1 0 1 0 0 1 0 0 1 0 1 1 1 1 0 1 0 1 0 0 1 0 1 1 0 1 1 1 0 0 1 1 1 0 1 0 0 0 1 1 0 0 0 0 0 1 1 0 0 1 0 0 1 1 1 0 0 1 0 0 0 1 1 0 0 0 0 0 1 1 0 0 1 1 1 0 0 1 1 0 0 0 1 0 0 0 1 0 0 0 1 0 0 0 0 1 0 1 1 1 1 0 0 0 0 1 0 0 1 0 1 1 0 0 0 1 0 0 0 1 0 1 0 0 0 0 0 0 0 1 0 1 0 1 0 1 0 0 0 1 1 1 0 0 0 1 0 0 0 1 1 0 1 0 1 0 0 1 1 1 0 0 0 1
0 1 0 1 0 0 0 1 0 1 0 0 1 0 0 1 1 1 0 0 1 0 0 0 1 1 0 1 1 0 1 1 0 1 1 0 0 0 1 0 1 0 0 0 0 1 1 1 0 0 0 1 0 0 0 1 0 1 0 0 0 1 0 1 1 0 1 1 0 1 0 0 0 1 1 0 1 1 0 1 1 1 0 0 1 1 1 1 1 1 0 0 1 1 1 0 0 0 1 0 0 0 1 0 0 1 1 0 0 1 0 1 1 0 1 1 1 1 0 0 0 0 1 1 0 1 0 0 0 0 0 1 1 0 1 1 1 0 1 1 1 1 0 1 0 1 0 1 1 0 1 0 0 1 0 1 0 0 1 0 1 1 1 0 0 0 1 0 0 0 0 0 0 1 0 1 1 0 1 1 0 0 0 0 1 0 1 0 0 0 1 1 0 0 0 0 0 0 1 1
0 1 1 1 1 0 0 0 0 0 0 1 0 1 0 1 1 0 1 1 1 1 1 1 0 0 0 1 0 0 1 0 1 1 0 0 1 1 1 0 0 1 0 0 0 1 0 0 0 1 0 1 0 0 0 1 1 0 1 0 1 0 0 0 0 0 0 1 0 0 1 1 0 0 0 1 0 0 0 0 1 1 1 1 0 0 0 1 1 0 1 1 0 0 1 1 0 1 0 1 1 0 0 0 1 1 0 0 0 0 0 1 0 0 0 0 0 1 1 0 0 0 1 0 0 1 1 0 1 1 1 0 1 0 0 1 0 0 1 1 1 0 1 1 0 0 0 0 1 1 0 0 1 0 0 1 0 1 1 0 0 1 1 0 1 0 1 1 1 0 0 0 0 1 1 1 1 1 1 0 1 1 0 1 0 1 0 1 1 0 0 1 1 1 1 0 0 1 1 1
0 0 0 1 0 0 0 1 1 0 0 1 0 0 0 0 1 0 0 0 1 0 0 0 1 1 0 0 0 1 1 1 0 0 1 1 0 0 0 1 1 1 1 0 1 0 1 1 1 1 0 0 1 1 1 1 1 1 0 1 1 1 1 1 1 1 1 0 0 0 1 0 1 0 0 0 0 0 0 1 1 0 1 0 0 0 1 1 0 0 0 0 1 1 1 1 1 0 0 1 1 0 1 1 0 1 0 0 1 1 0 1 0 1 0 1 1 1 0 1 1 0 1 0 0 1 1 1 0 0 1 1 0 1 1 1 0 0 0 1 0 0 0 1 0 0 1 0 1 0 1 0 0 0 0 1 1 1 1 0 1 0 1 0 1 0 1 1 1 1 0 0 0 1 1 1 0 1 1 1 0 1 0 1 1 0 1 1 0 1 0 1 0 1 0 0 1 0 0 0
0 0 1 0 0 0 1 0 0 0 0 1 0 0 0 1 0 0 1 1 0 0 0 0 1 0 1 0 1 0 1 1 0 0 1 1 1 1 0 1 1 1 1 0 0 0 0 0 1 0 0 0 1 0 1 1 1 0 1 0 1 1 0 0 0 1 0 1 1 1 1 0 0 1 0 0 0 0 1 0 1 1 0 1 1 0 1 0 1 0 0 0 0 1 1 0 0 0 0 0 0 0 0 1 0 1 1 1 1 0 1 1 1 0 0 0 1 0 1 1 1 0 1 0 0 1 1 0 1 0 0 1 0 0 1 0 0 1 1 1 1 1 0 0 1 1 1 1 1 0 1 0 0 1 0 0 1 1 1 0 1 1 1 0 1 0 1 1 1 1 0 0 0 0 0 0 0 0 1 1 1 1 0 0 0 1 0 1 0 0 0 0 1 1 0 1 1 0 1 1
1 1 1 0 0 0 1 0 0 0 1 1 1 1 1 0 0 1 1 0 1 0 0 0 0 0 0 1 1 0 0 0 0 0 0 0 1 1 1 0 0 1 0 0 1 1 0 1 1 0 0 0 1 0 0 1 1 1 1 0 1 1 1 0 0 1 1 0 0 0 1 0 0 0 1 0 0 1 0 0 0 0 1 1 0 0 1 1 0 0 1 0 0 1 1 0 1 1 1 1 0 0 1 1 1 1 0 0 0 1 0 0 1 1 0 1 0 0 1 1 0 0 0 0 1 0 1 1 1 1 0 0 1 0 1 1 0 0 1 1 1 0 0 1 0 1 1 0 0 0 0 0 0 0 1 0 1 1 0 1 1 0 0 1 1 1 1 0 1 1 0 0 1 0 0 1 0 0 0 1 0 0 0 0 1 1 0 0 0 0 1 1 0 1 1 0 0 0 0 1
1 1 0 0 1 0 0 1 0 0 1 0 0 0 0 1 1 1 1 1 1 0 0 0 0 0 0 0 1 1 1 0 0 1 1 1 1 0 0 0 1 0 1 0 0 1 0 0 0 1 1 0 1 0 1 0 0 0 0 1 1 1 0 0 0 0 1 0 0 1 1 0 1 0 1 1 1 0 1 1 1 1 1 1 0 1 0 0 1 1 0 1 0 1 0 1 1 0 0 0 0 0 1 0 1 0 1 1 0 0 0 1 0 1 1 0 1 0 1 0 0 0 1 0 0 0 0 1 1 0 1 1 1 0 0 1 0 1 1 0 1 0 1 1 1 0 1 1 1 1 0 1 1 1 0 1 1 1 0 1 0 1 0 0 1 1 0 0 1 0 1 1 1 0 0 1 0 1 1 1 0 0 1 0 0 1 0 1 0 1 1 0 0 0 1 0 0 1 0 1
0 1 1 0 0 0 1 0 1 0 0 1 1 0 1 0 1 1 0 1 0 0 1 0 1 1 1 1 0 1 1 0 0 0 0 0 0 1 1 0 0 1 0 1 0 0 1 0 0 0 0 1 0 1 0 1 0 0 1 0 0 0 1 1 1 1 1 0 0 1 0 0 1 0 1 0 0 1 0 0 1 1 1 0 0 1 0 0 0 0 0 1 1 0 1 0 1 0 1 0 1 0 1 1 1 1 0 0 1 1 0 1 1 1 1 1 0 0 0 0 1 1 0 0 1 1 0 0 1 0 1 0 0 0 0 0 1 0 0 1 1 1 1 1 1 1 1 0 1 1 0 1 0 0 0 0 0 0 0 0 1 0 0 1 0 1 0 1 1 1 0 1 0 0 0 1 1 0 1 0 0 0 1 0 0 1 0 1 1 0 1 1 1 1 1 0 1 0 1 1
1 0 1 1 1 1 0 0 0 1 0 1 1 1 1 1 0 0 0 0 1 0 1 1 1 0 0 1 0 0 0 0 1 0 0 0 0 0 1 0 0 0 1 0 0 1 1 0 0 0 1 0 1 1 1 1 1 0 1 0 1 1 0 0 1 0 1 1 0 1 0 1 1 1 1 1 1 1 1 1 0 0 0 0 0 1 0 0 0 1 0 1 0 1 1 1 0 1 0 0 0 1 1 0 0 1 1 1 0 0 1 1 0 0 1 0 1 1 1 0 0 1 1 0 1 0 0 0 0 1 0 1 1 0 0 1 1 0 0 0 0 0 1 1 0 0 0 1 1 1 0 0 1 1 1 0 0 0 0 0 1 1 1 1 1 0 1 0 0 1 0 0 0 0 1 1 1 0 0 0 0 1 0 0 1 1 0 1 1 1 0 0 0 1 0 1 0 0 0 1
1 0 1 0 0 1 1 1 1 0 1 1 1 0 1 1 1 1 1 0 0 1 1 0 1 1 0 0 0 0 1 1 0 0 0 1 0 0 1 0 0 0 0 0 1 1 0 0 0 1 0 0 0 0 1 0 1 0 1 1 0 1 1 1 1 0 0 1 1 0 1 1 1 1 1 0 1 0 0 0 0 0 0 0 0 0 0 0 0 1 0 1 0 0 0 0 1 1 0 1 1 0 1 0 0 0 1 1 0 0 1 0 0 1 0 1 0 0 1 1 1 0 1 1 0 0 0 1 1 1 0 0 1 0 1 1 1 0 0 1 0 0 1 0 1 0 0 1 0 0 1 0 1 0 1 0 0 1 0 0 0 0 0 0 0 0 0 1 0 0 1 1 0 1 0 1 1 0 0 0 0 0 0 1 0 0 1 1 0 1 1 0 0 0 1 1 1 1 1 1
1 0 1 1 0 1 0 0 1 0 0 1 0 1 1 0 0 1 0 0 0 1 0 1 0 1 1 0 1 1 0 0 1 1 1 0 1 1 1 1 0 1 0 1 1 1 0 1 0 1 1 0 1 0 1 0 1 0 0 0 1 0 1 1 1 1 0 0 1 0 0 0 1 1 0 1 0 0 0 1 0 0 0 0 1 1 0 1 0 0 1 1 1 0 1 1 1 0 0 0 1 0 0 1 1 1 0 0 0 1 1 0 1 0 0 0 0 1 1 0 0 0 1 0 0 1 1 1 0 0 1 0 0 1 1 0 1 1 0 0 1 1 1 0 0 1 0 1 0 1 0 0 0 0 0 1 1 0 0 1 1 0 1 0 0 0 0 0 1 0 0 0 1 1 1 1 0 0 1 1 1 1 1 1 0 1 0 0 1 1 0 1 0 0 0 1 1 1 1 1
1 1 0 1 0 1 1 0 1 0 0 0 1 1 1 0 1 0 0 0 0 1 0 0 0 0 1 0 1 1 0 1 0 1 1 0 1 0 1 1 1 1 0 0 0 1 1 1 1 1 0 1 1 1 0 0 0 1 1 1 0 0 0 1 1 1 0 1 0 0 1 0 0 0 0 1 0 0 0 1 0 0 0 0 0 0 1 0 1 0 1 1 0 1 0 1 1 0 0 0 0 1 1 1 0 1 0 1 1 0 0 0 0 1 0 0 0 1 1 0 1 0 1 0 0 1 1 1 1 1 0 1 1 0 0 0 0 1 1 1 1 0 1 1 0 0 1 1 0 1 0 0 0 0 1 0 1 0 0 0 1 1 1 1 0 1 1 0 0 1 1 0 1 1 1 0 0 1 0 1 0 0 0 0 1 0 0 0 1 0 1 0 0 0 0 0 1 1 1 0
0 1 0 0 0 1 1 1 1 0 1 0 0 0 1 0 1 0 0 0 0 1 1 1 1 0 0 1 1 1 1 0 1 1 0 0 1 1 1 1 0 0 0 0 0 1 1 0 1 1 1 0 1 0 1 0 1 0 0 1 1 1 0 0 0 0 0 0 0 1 0 0 1 0 0 1 0 0 1 1 0 1 1 0 1 0 0 1 1 0 0 0 0 1 0 1 0 0 0 1 0 0 1 0 0 0 0 1 1 1 1 1 0 0 1 0 0 0 1 1 1 0 0 1 1 1 1 1 0 0 0 0 1 0 1 0 1 1 0 0 0 1 0 0 0 0 1 1 1 1 0 0 0 1 0 1 1 0 0 1 1 1 1 0 0 1 0 1 0 0 0 1 1 0 1 0 1 0 1 0 0 1 1 1 0 1 0 1 1 0 0 1 1 0 0 0 1 0 1 1
0 0 0 0 0 1 1 0 1 0 1 1 0 1 1 0 0 0 1 0 0 0 0 0 1 1 1 0 0 1 1 0 0 1 0 1 1 1 0 1 1 1 0 1 0 0 0 1 0 1 0 0 0 1 0 0 0 0 1 0 0 1 1 1 0 0 0 1 1 1 0 0 1 1 1 1 1 0 0 0 1 0 1 1 1 0 0 1 1 1 0 1 0 1 1 0 0 0 0 0 1 1 1 0 0 1 1 0 0 0 1 0 0 0 0 1 1 1 1 1 1 0 0 0 0 0 0 1 0 0 0 1 0 0 0 1 1 1 1 0 0 1 0 0 1 0 0 1 0 1 1 0 1 1 1 0 1 0 1 0 1 0 1 1 1 0 0 0 1 0 1 1 0 0 1 0 0 0 0 1 0 1 0 1 0 1 1 1 0 1 1 0 1 1 1 0 0 1 0 0
1 1 1 1 0 0 0 1 1 0 0 1 1 1 1 0 1 1 1 0 0 0 1 0 1 1 0 0 0 1 0 1 1 1 0 0 1 1 1 1 1 1 1 1 0 0 0 1 0 1 1 0 1 0 1 0 1 0 0 0 1 0 1 0 0 1 1 1 1 0 0 0 0 1 1 1 0 0 1 1 1 1 0 0 0 0 1 0 0 0 0 0 0 1 0 0 0 1 0 0 0 0 1 1 1 1 1 0 1 0 0 1 0 0 0 0 1 1 0 1 0 0 1 1 0 0 0 1 0 1 0 0 1 1 1 1 1 1 0 0 0 1 0 1 0 0 1 0 1 0 1 0 1 1 1 0 1 0 1 0 0 0 1 0 0 1 1 1 0 0 0 0 0 0 0 0 1 1 1 1 1 0 0 1 0 0 0 1 1 1 0 0 0 0 0 1 0 0 1 1
1 1 0 0 0 0 1 0 1 0 0 1 1 1 0 1 0 1 1 1 0 1 0 1 1 0 0 1 1 0 1 0 1 1 1 1 0 0 0 0 0 1 1 1 0 0 1 1 0 0 1 1 0 1 0 0 0 1 1 0 0 1 1 1 1 1 0 1 0 0 0 0 0 0 0 1 1 0 0 1 0 1 1 0 0 1 1 1 0 1 1 1 1 1 0 1 1 0 1 1 1 0 1 0 1 0 0 1 1 0 0 1 0 0 1 1 0 1 0 0 1 0 0 1 0 0 1 1 1 1 0 1 1 1 1 0 0 1 1 0 1 1 1 1 0 0 0 0 1 1 0 0 0 0 0 1 1 0 1 1 0 0 1 1 1 1 0 1 0 0 1 1 1 1 1 0 0 1 1 1 0 1 0 0 1 1 0 0 1 0 0 0 0 1 0 0 0 0 0 1
0 1 0 0 0 0 0 1 1 0 0 0 0 1 1 0 1 0 1 0 0 1 1 0 1 1 0 0 1 0 0 0 0 1 1 0 1 1 1 0 0 1 0 1 0 1 1 0 0 0 1 0 1 1 0 0 0 0 1 0 0 0 1 1 1 0 0 0 1 1 1 1 0 1 1 0 0 0 1 0 0 1 0 1 1 0 0 1 1 1 1 0 1 0 1 1 0 0 1 1 1 1 1 0 0 0 0 1 0 1 0 1 1 1 1 0 1 1 1 0 1 1 1 1 1 1 1 1 1 1 0 0 0 1 0 1 1 0 0 1 0 1 0 0 1 1 1 0 0 0 1 0 0 1 0 0 1 0 0 0 1 1 0 0 1 0 0 0 0 0 0 0 1 0 0 0 1 0 0 1 0 0 1 0 1 1 1 1 0 0 1 1 1 0 0 1 1 1 0 1
1 0 1 1 1 0 1 1 0 1 1 0 0 0 1 1 0 1 1 0 0 0 1 1 0 0 0 0 0 0 0 1 0 1 0 1 0 1 1 0 0 1 0 1 1 0 1 1 0 0 1 1 1 1 0 1 1 0 0 0 1 0 0 1 1 1 1 0 0 0 1 0 0 0 0 0 0 1 1 1 1 0 0 1 1 1 0 1 0 0 1 1 0 0 0 0 0 1 1 0 0 1 0 1 0 0 0 1 0 1 0 1 1 1 1 0 1 1 1 1 1 1 0 1 1 0 0 1 0 0 1 0 0 0 0 0 0 1 1 1 1 1 0 0 1 0 0 0 1 0 0 0 0 0 0 0 0 1 0 1 1 1 0 1 0 1 1 0 0 0 1 0 0 0 1 1 0 1 0 0 0 1 0 0 0 0 1 0 0 0 0 0 1 1 0 1 0 0 0 0
