184
0 1 8 16 18 19 23 27 30 33 38 42 43 44 46 48 50 53 55 62 68 70 74 76 77 79 81 83 91 92 94 100 101 102 105 106 110 113 119 123 125 128 135 137 140 143 148 149 150 151 155 157 158 164 168 170 174 177 178 182 
0 0 1 0 1 0 0 1 0 0 1 1 0 0 0 0 0 0 0 0 0 1 1 0 1 0 1 0 1 1 1 0 0 1 1 1 0 0 1 1 0 1 1 1 0 0 0 1 0 1 1 0 0 0 1 0 1 0 0 0 0 0 1 1 0 0 0 1 0 0 1 0 0 0 0 0 0 0 0 0 0 0 1 0 0 0 1 1 0 0 0 0 0 1 1 0 1 1 0 0 0 0 0 0 1 0 0 0 0 1 1 0 1 1 0 0 1 1 0 0 0 1 0 1 0 0 0 1 0 1 0 0 1 0 1 0 0 0 1 0 1 0 1 1 0 0 0 0 0 0 1 0 0 0 0 1 0 0 1 0 1 0 0 0 0 1 1 0 0 1 0 0 0 1 0 0 0 0 0 0 1 0 0 1 
0 0 0 0 0 1 0 0 0 0 1 0 0 0 0 1 0 0 1 0 1 0 1 0 1 0 0 1 0 0 1 0 0 0 0 0 0 1 1 0 1 0 0 1 1 1 0 1 0 0 1 0 0 1 0 0 0 0 1 1 0 0 0 1 1 0 0 0 0 0 1 1 0 0 0 0 0 1 0 0 1 0 1 1 0 1 1 0 1 0 1 1 0 0 0 0 0 0 0 0 0 0 1 0 0 0 0 0 1 1 1 0 0 0 0 1 0 0 1 0 0 0 0 0 0 0 0 1 1 0 0 0 1 0 0 1 0 1 0 0 0 0 1 1 1 0 0 1 1 0 1 0 0 0 0 0 1 0 0 0 0 1 0 0 1 1 0 0 1 0 0 0 0 0 0 0 0 0 0 0 0 1 1 0 
0 0 0 0 0 0 1 0 0 1 1 1 0 0 0 0 1 0 1 1 0 0 0 0 0 0 0 0 0 1 0 0 0 0 0 0 0 1 0 1 0 0 0 0 1 0 0 0 0 0 1 0 1 1 0 1 0 0 0 1 1 1 1 1 0 1 0 1 1 0 1 1 1 0 1 0 1 0 1 1 0 1 1 0 0 0 0 0 0 1 0 1 1 1 0 0 1 0 0 1 0 0 0 0 1 0 0 0 1 1 1 0 0 0 0 0 0 0 0 0 1 0 0 1 0 0 0 1 0 1 1 1 0 0 1 0 1 0 0 0 1 1 1 0 1 1 0 1 0 0 1 0 1 1 0 0 0 1 0 1 1 0 1 0 0 1 0 1 0 0 0 1 1 1 1 0 0 1 1 1 1 0 0 1 
1 1 1 0 0 1 0 0 1 0 0 1 0 0 1 0 0 0 0 0 1 0 1 1 0 0 0 1 0 0 1 1 1 0 0 0 1 0 0 0 0 0 1 1 0 0 1 1 1 1 0 0 1 1 0 0 0 0 1 0 1 0 0 0 0 1 0 0 1 1 0 1 0 1 0 1 0 0 0 0 1 1 1 0 1 0 0 0 1 1 0 0 0 0 0 0 0 1 1 0 0 1 0 1 1 0 0 0 0 0 0 0 0 0 0 1 1 1 0 1 0 1 1 0 0 1 0 1 0 0 1 1 0 0 0 1 1 0 0 1 0 0 1 0 1 0 0 1 1 0 1 0 0 0 0 0 0 1 0 1 0 0 0 1 0 0 1 0 0 1 1 0 0 1 1 0 0 1 1 0 1 0 0 1 
1 0 0 1 0 1 0 0 0 1 1 0 1 1 1 1 0 1 0 1 0 1 0 1 1 1 1 1 0 0 1 0 1 0 0 0 0 0 0 0 1 0 0 1 0 1 1 1 1 0 0 0 0 0 0 0 0 0 0 1 0 1 1 0 1 0 0 1 0 0 1 1 0 0 1 0 0 0 0 1 0 0 0 0 1 0 1 1 0 0 0 0 1 0 0 0 0 0 1 1 0 0 1 0 0 1 1 0 0 1 0 0 1 0 0 1 1 0 0 1 1 0 1 1 0 0 0 0 1 0 1 1 0 0 0 1 1 1 1 0 0 1 1 0 0 0 0 1 1 1 0 0 1 0 0 0 1 0 0 0 0 0 1 0 0 1 0 1 1 1 1 0 1 1 0 0 0 0 0 0 1 0 1 0 
0 0 1 0 1 0 0 0 0 0 0 0 1 0 0 0 0 0 0 0 1 0 0 1 0 0 0 0 0 0 0 1 0 0 0 0 1 0 0 1 0 0 1 0 1 0 0 0 1 0 0 0 0 0 1 1 0 0 0 0 0 1 1 0 0 1 1 1 0 1 0 1 0 1 1 0 1 1 1 1 1 0 1 0 0 1 0 1 0 0 1 0 0 0 1 1 0 1 0 1 1 0 0 1 1 1 0 0 0 1 1 0 1 1 0 0 0 0 0 1 0 0 1 1 0 0 0 0 0 1 1 0 0 0 1 0 0 0 0 1 0 0 1 1 0 0 0 0 0 0 0 0 0 0 1 1 1 0 0 1 1 0 1 0 0 1 0 0 0 0 0 1 0 1 1 0 0 0 0 0 1 1 1 1 
0 1 0 0 1 1 0 0 1 0 0 1 0 1 1 1 1 0 0 1 0 0 0 0 0 0 1 1 0 0 0 0 0 0 0 0 0 1 0 0 0 0 1 0 0 0 0 0 1 0 1 1 0 0 0 1 0 1 0 1 1 0 1 0 0 0 0 1 0 0 0 0 0 0 0 0 0 0 0 1 0 1 0 0 1 0 0 0 1 0 0 0 0 1 1 1 0 1 1 0 0 0 0 0 0 0 0 1 0 0 0 0 0 1 0 0 0 1 0 1 0 0 0 0 0 1 0 1 0 1 0 0 1 1 0 0 0 1 0 0 0 0 1 0 0 1 1 0 0 1 1 0 0 1 0 0 1 1 0 1 1 1 0 1 0 0 1 1 0 0 1 0 0 1 1 1 0 0 1 1 0 1 0 1 
0 0 1 0 1 1 1 0 1 0 1 0 1 0 0 0 0 1 0 0 0 1 0 1 0 0 0 1 0 0 0 1 1 0 1 1 1 1 0 0 0 1 0 0 0 0 0 0 1 1 1 1 0 0 0 0 0 0 1 1 0 0 1 0 0 0 0 0 0 1 0 0 1 0 0 0 0 1 0 1 1 0 1 1 0 0 0 0 1 1 1 1 0 1 1 0 0 0 0 1 1 0 0 0 1 0 1 1 1 0 0 0 0 0 0 1 1 1 0 0 0 1 1 0 1 1 0 0 0 0 1 1 1 1 0 0 1 0 0 1 1 0 0 1 0 1 0 0 0 0 0 1 0 0 0 0 0 1 0 0 1 1 0 0 0 0 0 0 0 0 0 0 1 1 0 1 0 1 0 0 0 1 1 0 
0 0 0 1 0 0 0 0 0 0 1 0 1 0 1 0 0 0 0 0 1 0 0 0 0 1 1 1 0 1 1 0 0 0 1 0 0 0 1 1 1 0 0 1 1 0 0 1 1 1 1 0 1 0 1 1 0 0 0 0 1 1 0 1 1 0 1 0 0 1 0 1 0 1 0 1 1 0 1 0 0 0 0 0 0 0 0 1 0 0 0 0 0 1 0 0 0 1 0 0 0 0 0 0 0 1 0 0 0 0 0 0 0 1 0 1 0 1 1 0 0 0 0 0 1 0 1 1 0 0 1 1 0 0 0 0 1 0 0 1 1 0 0 0 1 0 1 1 1 0 0 1 0 0 0 1 0 1 0 0 1 0 0 1 1 0 0 1 1 0 0 0 1 1 1 1 1 0 0 1 0 1 0 1 
0 0 0 1 0 0 0 0 0 0 1 0 1 1 0 1 0 0 1 1 1 0 1 1 0 1 0 0 1 0 0 0 1 1 0 0 1 1 0 0 1 0 0 0 1 1 1 1 0 1 0 0 1 0 1 0 1 0 1 0 0 0 1 0 1 1 0 0 1 1 1 1 0 0 0 0 0 0 0 1 0 0 1 0 0 1 0 0 0 0 0 0 0 1 0 1 1 1 1 0 0 1 1 0 0 0 0 0 1 0 1 0 1 0 0 0 0 1 0 1 0 1 0 1 0 0 1 1 0 0 0 0 0 0 0 1 1 1 1 1 0 0 1 0 0 0 0 0 0 0 1 0 1 1 1 0 0 1 0 1 1 0 1 1 0 0 0 0 0 0 1 0 0 1 0 0 0 0 0 1 1 0 0 0 
1 0 1 1 0 1 0 0 0 1 0 0 1 0 1 0 0 0 1 0 1 0 0 1 0 0 0 0 0 0 1 1 1 0 1 1 0 1 1 0 0 0 0 0 0 0 0 0 1 0 1 0 0 1 1 0 1 1 0 1 1 1 0 1 0 0 0 0 0 0 1 0 0 0 1 0 0 0 1 0 0 1 1 1 0 1 0 0 1 0 1 0 0 1 0 0 1 1 0 0 1 1 0 1 1 1 1 1 0 0 0 0 0 0 0 1 0 0 0 0 0 0 1 1 0 1 1 1 1 0 0 1 1 0 0 0 0 1 0 0 0 1 0 0 0 0 0 0 1 0 0 1 1 1 0 0 0 0 1 0 1 0 1 1 1 0 0 1 1 0 0 1 1 1 1 0 1 1 0 0 0 0 1 0 
0 1 0 0 1 0 1 0 0 0 0 0 0 0 1 1 1 0 0 1 1 0 0 0 1 0 1 0 1 0 1 1 0 0 1 0 1 0 0 0 0 1 0 0 0 1 1 1 0 0 0 1 0 0 1 0 1 0 1 1 1 0 1 1 1 0 0 0 0 0 1 0 1 0 1 0 0 1 0 0 1 0 0 1 0 0 0 0 1 0 1 1 1 0 0 0 0 0 0 1 0 1 0 1 1 1 1 0 0 0 1 1 1 0 1 0 0 1 0 1 0 0 0 1 1 0 0 0 0 0 0 0 0 0 0 1 0 0 0 0 1 0 0 0 0 0 1 0 1 0 1 0 0 1 0 0 1 1 1 0 1 0 0 0 1 0 1 0 1 0 0 0 1 0 0 0 0 0 1 0 1 0 0 1 
1 1 0 0 0 0 0 0 1 0 1 1 0 1 0 0 1 0 1 1 0 0 0 1 1 0 1 0 1 0 0 0 1 1 1 0 0 0 1 1 0 1 1 0 1 1 0 0 0 1 0 0 1 0 1 0 1 1 0 1 1 1 1 1 0 0 0 0 1 0 1 0 0 1 1 1 0 1 0 0 0 1 1 1 0 0 0 0 1 1 0 1 1 0 0 0 0 0 1 1 1 1 0 1 0 1 0 0 0 0 1 0 1 0 0 1 1 0 0 1 0 0 0 1 0 0 1 1 0 1 1 1 0 1 1 0 0 1 0 0 0 0 0 0 0 0 1 1 1 0 0 1 1 1 0 0 1 0 1 0 1 0 1 0 0 1 1 0 0 0 0 0 1 0 0 0 0 1 1 1 0 0 0 1 
0 1 0 1 1 0 1 0 0 0 1 0 1 0 1 0 1 1 0 0 0 0 0 1 1 1 0 1 0 0 0 1 0 1 0 0 1 0 1 0 1 1 0 0 0 1 0 0 1 0 1 0 0 0 1 1 1 1 0 0 0 1 1 0 1 0 1 1 0 0 0 0 1 0 0 1 1 1 0 1 1 0 1 0 0 1 0 0 1 1 1 1 1 0 0 0 0 1 1 0 1 1 0 0 1 0 0 0 0 0 1 1 0 1 1 1 1 0 1 1 1 0 1 1 0 1 1 0 0 0 0 0 0 0 0 1 0 0 0 1 1 0 0 1 1 0 0 1 0 0 1 0 0 0 0 0 0 0 0 1 0 0 1 1 1 0 1 1 1 1 0 0 0 0 0 1 1 0 0 0 0 0 0 1 
0 1 0 1 1 0 1 0 0 0 0 1 0 1 0 0 0 0 0 0 0 1 0 0 1 0 0 0 1 0 0 0 0 1 0 0 1 1 0 0 1 1 0 1 0 0 1 1 1 0 1 0 0 0 1 1 1 1 0 0 0 0 1 0 0 0 0 0 1 1 0 0 1 0 0 0 1 0 0 0 1 0 1 0 0 1 0 0 0 0 1 0 1 0 1 0 1 1 1 0 1 0 0 0 1 1 0 0 1 0 1 1 0 0 1 1 0 0 1 1 0 0 0 1 1 1 1 0 0 0 1 0 0 0 0 0 0 1 1 1 0 1 0 1 1 0 0 1 0 1 0 1 0 0 1 0 1 0 0 0 0 1 0 0 0 0 1 1 0 1 0 0 1 0 0 1 1 1 0 0 0 0 0 0 
0 0 0 0 0 1 0 0 0 0 0 1 0 0 0 0 1 1 0 0 0 0 1 0 0 0 0 1 0 1 0 1 0 0 0 0 0 1 0 0 1 0 0 1 1 1 1 0 1 0 1 0 0 0 0 1 0 1 1 0 1 0 1 0 0 0 1 0 1 0 0 1 0 0 0 0 0 1 0 0 0 0 0 1 0 0 1 0 1 0 1 1 0 0 0 0 0 0 1 0 1 0 0 1 0 0 1 1 1 0 1 1 1 0 0 1 1 0 1 1 0 0 1 0 0 0 0 0 1 0 0 1 1 1 1 0 0 0 1 0 1 1 1 0 0 0 0 0 1 0 0 1 1 0 0 1 1 0 0 1 0 0 0 1 1 0 1 1 1 0 1 0 1 0 0 0 1 1 0 0 0 1 1 0 
1 1 0 1 0 0 1 0 0 1 0 0 1 1 1 1 0 1 1 1 0 0 0 0 0 0 0 1 1 0 0 1 0 0 0 1 1 1 0 1 1 1 0 0 1 0 1 1 0 0 0 1 1 0 1 0 1 0 0 1 0 0 1 1 1 0 1 0 0 1 0 1 1 1 1 0 0 1 1 1 0 1 0 1 1 0 0 0 0 1 1 0 0 1 0 0 0 0 0 0 0 0 0 1 0 0 0 1 0 0 0 1 0 0 1 0 0 1 0 1 1 0 1 1 1 1 1 1 0 1 0 1 1 0 0 0 0 0 1 1 1 1 1 0 0 0 0 0 1 0 1 1 0 0 1 0 0 0 1 0 0 1 0 0 1 1 0 0 0 0 1 0 1 0 1 1 0 1 1 0 1 0 1 1 
0 1 0 1 1 1 0 0 0 0 1 0 0 0 1 0 0 0 0 0 1 1 1 1 1 0 1 0 0 1 0 0 0 0 0 0 1 0 0 0 1 1 1 1 0 0 0 0 0 0 0 1 0 0 0 0 0 0 1 1 1 0 0 0 0 0 1 1 0 1 0 0 1 0 0 0 0 0 1 1 0 1 1 0 0 1 1 0 0 1 1 0 0 1 0 0 1 0 0 1 0 1 1 1 1 1 1 1 0 0 1 0 0 1 1 0 0 1 0 1 1 0 0 0 0 0 0 0 0 0 1 0 1 1 1 0 1 0 0 0 1 0 0 1 0 1 0 1 0 1 0 0 0 1 1 0 0 0 0 1 0 0 0 0 0 1 0 1 1 1 0 1 0 1 0 0 0 1 0 0 1 0 0 0 
1 0 0 0 1 0 1 0 0 1 1 1 1 0 0 0 0 1 0 1 0 1 0 0 0 0 1 1 1 1 0 1 0 0 0 1 1 1 0 0 1 1 1 1 0 0 0 0 1 0 1 0 1 0 1 0 1 1 0 0 1 0 1 0 0 0 1 0 0 0 1 0 1 0 0 0 0 0 1 1 1 0 0 1 0 0 0 1 0 0 1 0 1 0 0 1 0 1 1 0 0 0 0 0 1 0 0 0 1 1 0 1 1 0 0 0 0 1 0 0 0 0 0 1 1 1 1 0 0 0 0 1 1 0 0 1 0 0 1 1 1 0 0 1 1 0 1 0 0 0 1 0 1 1 1 0 0 0 0 0 0 0 0 0 0 0 0 0 1 0 0 1 1 0 1 1 0 0 0 0 1 1 1 0 
0 1 1 0 1 0 0 1 1 0 0 1 1 0 0 1 0 1 0 0 0 1 0 0 0 0 0 1 0 1 1 1 1 0 0 0 0 0 0 1 0 0 0 1 1 1 1 0 0 1 0 0 0 1 0 0 0 0 1 1 0 0 0 0 1 0 0 0 0 0 0 0 0 0 1 1 1 1 1 0 1 1 0 0 0 0 0 1 0 1 0 0 0 0 0 0 0 0 0 0 0 0 0 1 1 0 0 0 0 0 0 1 0 1 1 0 1 1 1 0 1 0 0 0 0 0 0 1 0 1 0 0 1 0 0 1 0 0 0 0 0 0 0 0 0 0 0 1 0 1 0 0 1 0 0 0 1 0 0 1 0 1 0 0 1 0 1 1 1 0 0 1 0 1 0 0 0 1 0 1 1 1 0 0 
1 0 1 0 0 1 0 0 1 0 0 0 0 0 1 1 1 1 0 0 0 1 0 1 0 0 1 0 0 0 0 0 1 0 0 0 1 1 1 1 0 1 0 0 0 0 0 0 1 0 0 0 0 0 0 1 0 1 0 1 0 1 0 1 0 1 1 0 0 1 1 0 0 0 1 0 1 0 1 0 0 0 0 1 0 0 1 1 0 0 1 0 1 1 1 1 0 1 0 0 1 1 1 1 0 1 0 1 0 0 1 0 1 0 1 0 1 0 0 1 1 0 1 0 1 0 1 1 0 1 1 0 0 0 0 1 0 0 1 0 0 1 1 1 0 0 0 0 0 0 0 0 1 1 1 0 1 0 1 1 1 0 1 0 0 1 0 0 0 0 0 0 0 1 0 0 1 0 0 1 0 1 0 1 
0 0 1 1 1 0 1 1 1 0 0 1 0 0 1 0 1 0 0 1 1 0 0 0 0 1 0 0 1 1 1 0 0 1 1 0 0 0 1 1 0 1 0 1 1 0 0 0 1 0 1 0 0 0 1 0 0 0 1 0 0 1 0 0 1 0 1 0 0 1 1 1 0 0 1 0 1 0 1 0 0 0 1 0 1 0 0 1 0 0 0 0 1 0 1 1 1 0 0 0 0 1 0 1 0 0 1 0 0 1 0 0 1 0 0 0 0 1 1 0 1 1 0 0 0 0 1 0 0 0 1 0 1 0 0 0 0 0 1 0 1 0 0 1 0 1 0 0 1 0 0 1 1 0 1 0 1 0 0 0 1 1 0 0 1 0 0 0 1 0 1 0 1 1 0 0 0 1 0 0 0 1 0 0 
0 0 1 0 0 0 1 1 1 1 1 0 1 1 0 0 0 0 1 0 0 1 0 1 1 1 1 1 0 0 0 0 1 0 0 1 1 1 0 0 0 1 0 1 0 0 1 1 0 0 1 0 0 0 0 0 1 0 1 1 0 1 0 1 0 1 0 0 0 1 0 0 1 0 0 0 1 0 0 1 1 1 1 0 0 1 0 0 1 0 1 0 1 0 1 0 0 0 0 0 0 0 0 0 1 1 0 0 0 0 1 1 1 1 1 1 1 1 0 1 1 0 0 0 1 1 0 1 0 0 1 0 0 0 1 0 0 0 1 0 0 1 0 1 0 0 1 0 0 1 0 0 0 0 0 0 0 0 0 0 1 0 0 1 1 1 1 1 1 0 1 0 0 0 1 0 0 0 0 1 1 1 0 0 
0 0 0 1 0 1 1 1 1 1 0 0 1 1 1 0 0 0 0 1 0 0 0 0 0 0 0 0 1 1 0 1 1 1 1 1 0 0 1 1 0 1 1 1 0 0 1 0 0 0 1 1 0 1 0 1 0 0 1 1 1 1 1 0 1 1 1 0 0 0 0 0 0 1 1 0 0 1 1 0 1 0 0 1 0 1 1 0 1 0 1 1 0 0 1 0 0 0 1 1 0 0 1 0 1 1 1 1 0 0 0 1 0 0 1 0 1 1 0 0 1 1 0 1 0 0 0 0 0 0 1 0 1 1 0 0 0 0 1 1 1 0 1 0 1 0 1 0 0 0 0 0 1 0 0 0 0 1 1 1 1 1 1 0 1 0 0 0 0 1 0 1 0 0 0 0 1 0 1 0 0 0 0 0 
0 1 0 1 1 0 0 1 0 0 0 1 1 1 0 0 1 0 0 0 0 1 1 0 0 1 1 0 0 1 0 0 0 0 0 0 0 0 0 1 0 0 0 1 0 0 0 0 1 1 0 0 0 1 0 1 0 0 0 1 1 0 1 0 0 1 0 1 0 0 0 1 1 0 0 0 0 1 0 0 0 0 0 0 1 0 0 1 0 0 0 0 1 0 1 0 0 0 1 0 1 1 1 0 1 0 1 0 1 0 0 1 1 0 0 0 1 0 1 1 1 1 0 1 1 1 0 1 0 0 0 0 0 1 1 1 0 1 0 1 1 0 1 0 1 0 0 0 1 1 0 0 0 0 0 0 1 0 0 0 1 1 0 0 0 0 0 1 1 0 0 0 1 0 0 1 1 0 1 0 0 0 1 0 
0 0 0 1 0 0 0 1 1 0 1 1 1 1 0 0 1 0 0 0 0 0 0 0 0 0 0 0 0 1 0 0 0 1 1 0 1 1 1 0 0 0 1 0 0 0 0 0 1 0 0 0 0 0 0 1 0 1 1 0 0 0 0 0 1 0 0 0 1 1 0 0 1 1 1 1 0 1 0 1 1 0 1 0 0 0 0 0 0 1 0 1 1 0 1 1 0 0 1 1 1 0 1 0 1 1 0 0 0 0 1 1 0 0 0 0 0 0 1 0 0 0 0 1 0 1 0 1 1 1 0 0 1 0 0 0 0 0 0 0 0 1 0 1 1 0 0 0 0 0 1 0 1 0 1 1 0 0 0 0 0 0 0 0 1 0 1 0 0 0 0 1 1 0 0 0 0 0 0 0 1 1 1 1 
0 0 1 0 0 1 0 0 0 1 0 0 1 0 0 1 0 1 1 1 0 1 1 1 0 1 0 1 0 0 1 0 0 1 0 0 0 0 0 0 1 1 1 0 1 0 0 0 0 0 0 0 0 1 1 0 0 0 1 0 1 0 1 1 0 0 0 0 0 0 1 1 0 0 0 1 0 0 1 0 0 0 1 0 1 1 1 1 0 1 1 1 0 1 0 0 0 0 0 0 1 0 1 1 1 1 1 0 1 0 0 1 1 1 0 0 1 0 1 1 0 0 0 0 1 0 0 0 0 0 0 0 1 0 0 0 0 1 1 0 0 0 0 0 0 0 1 0 0 1 0 0 0 1 1 0 0 1 0 0 0 0 0 0 0 0 0 0 1 0 1 1 1 0 0 0 1 0 1 0 0 0 0 0 
0 1 1 0 0 0 1 0 1 0 0 0 0 0 0 0 0 1 0 1 0 1 0 0 0 1 1 0 0 0 0 1 0 0 0 0 0 1 0 0 0 1 1 0 0 0 1 0 0 1 1 0 0 1 1 1 0 1 0 1 0 0 1 0 0 1 0 0 1 1 0 0 1 0 0 0 0 0 1 1 1 0 0 0 1 0 1 0 0 1 1 0 0 1 0 0 1 1 1 1 1 0 0 0 0 0 1 1 1 1 1 0 1 1 1 0 1 1 1 0 1 0 0 0 0 0 0 1 0 0 0 1 0 1 0 0 0 1 0 0 0 0 0 0 0 1 0 1 0 0 0 0 0 1 1 1 0 1 0 0 0 0 0 0 0 0 1 0 0 1 0 0 0 1 1 0 1 1 0 1 0 1 1 0 
0 0 0 0 0 0 0 0 0 0 1 0 0 0 0 0 0 0 0 0 1 0 0 0 0 0 1 0 0 0 1 1 1 0 0 0 0 0 0 0 0 0 0 1 0 0 1 0 1 0 0 0 0 0 0 0 0 1 1 0 0 0 1 0 0 1 1 1 1 0 0 0 1 1 1 0 0 0 0 1 0 1 1 1 1 0 0 0 0 0 1 0 1 1 1 0 1 1 0 1 1 0 0 0 0 0 0 0 0 0 1 0 0 1 0 0 0 1 1 0 0 1 0 1 0 1 0 1 1 1 0 0 0 1 1 0 0 1 1 0 1 1 0 1 0 0 0 1 0 0 0 0 1 0 1 1 1 0 0 1 0 1 1 1 0 0 1 1 0 1 0 1 0 0 0 0 0 1 0 1 1 1 0 0 
1 0 0 0 1 0 0 1 0 1 0 0 1 1 0 0 0 0 0 0 0 0 0 1 0 1 1 0 1 0 0 0 0 0 1 1 0 0 0 0 0 0 0 1 1 0 0 1 0 0 0 0 0 0 1 0 1 1 0 0 1 1 0 1 0 0 0 0 0 0 0 0 1 0 1 1 1 0 0 1 1 1 0 1 0 0 1 0 1 0 0 0 0 0 0 1 0 0 1 0 1 0 0 1 1 1 1 1 0 1 0 0 0 1 0 1 0 1 1 1 0 0 1 0 0 1 1 0 1 1 0 1 0 0 0 1 0 0 0 1 0 0 1 0 0 0 0 1 0 1 0 1 0 1 0 0 0 0 0 0 0 1 0 0 0 0 0 1 1 0 0 0 1 0 0 0 0 1 1 0 1 1 0 1 
0 1 0 0 0 0 0 1 0 0 0 0 1 0 0 1 0 0 0 1 1 0 0 1 1 0 0 0 0 0 0 1 0 0 0 0 0 0 1 1 0 1 1 0 0 1 1 1 0 0 0 1 1 1 0 0 0 0 0 0 1 0 0 1 1 0 0 1 1 0 0 1 0 1 0 1 1 0 0 1 1 1 1 1 1 1 0 0 0 1 1 0 0 1 1 0 0 0 0 1 0 1 1 0 1 0 1 0 0 0 1 0 1 1 1 0 1 0 0 1 1 1 0 0 0 0 1 0 0 0 1 0 0 0 0 0 1 0 0 1 1 0 1 0 0 0 1 1 1 0 1 0 0 0 1 1 1 0 1 0 0 0 0 0 0 1 0 0 0 0 0 1 0 0 0 1 1 0 0 0 0 1 0 0 
0 1 1 0 1 1 0 1 0 1 0 0 1 1 0 0 1 0 0 1 1 1 1 0 0 1 1 1 0 1 0 0 1 0 0 0 0 1 0 0 0 1 1 0 0 0 0 1 1 0 1 0 1 1 0 1 0 1 1 1 0 1 0 0 0 0 1 1 0 0 0 1 0 1 0 1 1 1 0 0 0 1 0 1 0 0 0 1 0 1 1 0 0 0 0 1 0 1 1 1 0 0 1 1 1 0 0 0 0 1 0 0 0 1 0 1 1 1 0 0 0 0 0 0 0 1 0 1 0 1 0 0 0 1 0 0 1 0 0 0 0 0 0 0 0 1 0 1 0 1 0 0 0 0 1 0 0 0 1 0 0 0 1 0 0 0 1 0 0 0 0 0 0 0 0 1 1 0 0 1 1 0 1 0 
0 0 0 0 1 0 1 1 0 1 0 0 0 0 0 1 0 0 1 1 0 1 0 1 1 0 0 1 0 0 0 1 0 0 1 0 0 0 0 0 0 0 1 0 1 0 0 0 1 0 0 1 1 0 0 0 1 0 0 1 1 0 1 0 1 1 0 0 1 0 0 1 0 1 0 0 0 0 1 1 0 1 1 0 0 0 0 0 0 0 1 1 1 0 0 0 0 1 0 1 1 0 0 1 0 1 0 0 0 0 1 0 1 0 0 1 1 0 1 1 0 0 0 0 1 1 1 0 0 0 0 1 0 1 0 1 0 0 0 1 1 1 0 0 0 1 0 1 1 1 0 1 1 1 1 0 0 1 0 0 1 0 1 1 1 1 1 1 0 1 0 1 0 0 1 1 0 0 0 1 0 0 1 0 
0 0 1 0 1 1 0 0 0 0 0 1 1 0 1 0 0 0 0 1 1 0 0 1 0 1 0 0 0 0 0 1 1 0 0 0 0 0 0 1 0 0 1 0 0 1 1 0 1 1 0 0 0 0 1 0 0 1 1 1 1 1 1 0 0 0 0 0 0 0 1 0 1 1 0 0 0 0 0 0 1 0 0 1 0 1 1 1 0 1 1 0 0 1 1 0 0 0 0 1 1 0 1 0 1 0 0 0 0 0 0 0 1 0 1 0 0 0 1 1 0 1 0 1 0 0 0 0 0 0 1 0 0 0 0 0 1 0 1 0 0 0 0 0 0 1 1 1 0 1 0 0 0 1 0 1 1 0 0 1 0 0 0 1 0 0 1 0 0 1 0 0 0 0 1 0 1 0 0 1 1 0 1 1 
0 0 0 1 1 0 1 1 0 0 0 0 0 0 0 0 0 1 1 0 0 1 1 0 0 1 0 0 0 0 1 0 1 1 0 0 0 1 1 1 0 0 1 0 0 1 1 1 0 1 1 1 1 0 0 0 0 1 1 1 1 1 0 1 0 1 0 0 0 0 0 1 1 0 0 1 1 1 0 1 1 0 0 0 0 0 0 1 0 1 1 0 0 0 0 1 1 0 0 1 1 0 0 0 0 0 0 0 1 0 0 0 0 0 1 0 1 1 0 0 0 1 0 0 1 0 0 1 1 0 0 0 0 1 0 0 0 0 0 0 0 0 0 0 1 1 0 1 1 0 0 0 0 1 1 1 0 1 0 0 1 0 1 1 1 0 1 0 0 0 0 1 0 0 0 1 0 1 1 0 1 0 1 0 
0 1 0 0 1 0 0 0 0 0 1 0 1 0 0 0 0 1 0 0 1 0 0 1 1 1 0 0 0 0 1 0 1 0 0 0 1 0 1 0 0 0 0 1 0 0 1 0 0 1 1 0 1 1 0 0 0 0 1 0 0 0 0 0 1 0 1 1 1 0 0 0 0 0 1 0 0 0 1 0 0 0 0 0 1 1 1 0 0 0 1 0 0 0 0 0 0 0 1 0 0 1 1 0 1 0 1 0 1 0 0 1 0 0 0 1 0 0 1 1 0 0 0 1 1 0 0 0 1 0 0 1 1 1 0 1 0 0 0 0 0 0 0 0 0 1 1 0 0 0 1 0 1 1 0 0 0 0 0 0 0 1 0 0 0 0 0 0 0 0 0 0 1 1 0 0 1 0 1 0 0 1 0 1 
0 0 0 0 0 0 1 1 0 0 1 1 0 1 0 1 1 0 0 0 0 0 0 1 1 0 0 0 1 1 0 0 1 0 1 1 0 0 1 1 1 0 1 1 0 0 0 1 0 0 0 1 0 1 0 1 1 1 0 0 1 0 1 0 0 1 0 1 1 0 0 1 0 0 1 1 0 0 0 0 1 0 0 0 0 0 0 1 0 0 0 1 1 0 1 1 1 0 1 1 0 0 0 0 1 0 0 1 1 1 1 0 1 0 0 0 0 0 1 1 0 1 1 1 0 0 1 1 0 0 0 1 1 0 0 1 0 1 0 0 0 0 0 1 0 0 0 1 0 0 0 0 0 0 0 1 0 0 0 1 0 0 0 1 1 0 0 0 1 0 1 0 1 0 0 1 1 0 1 0 1 0 0 0 
0 1 1 0 0 1 0 1 1 1 1 1 1 0 0 0 0 0 0 0 1 0 0 0 0 0 1 0 0 1 0 1 1 1 1 1 1 0 0 1 0 0 0 1 0 0 1 0 0 1 1 1 0 1 0 0 0 0 0 1 1 1 0 1 0 1 0 0 0 0 1 1 1 0 1 1 0 1 1 0 0 1 1 0 0 0 0 1 1 0 1 0 0 1 0 0 1 1 0 1 0 1 0 0 1 0 0 1 0 1 0 1 1 0 0 0 0 1 0 1 0 0 1 0 1 1 1 1 1 1 0 1 0 0 1 0 1 0 1 0 1 1 1 0 1 1 1 0 1 1 1 0 1 0 0 1 0 1 0 1 0 0 1 0 0 1 1 1 0 1 0 0 0 0 0 0 1 1 1 0 1 0 0 0 
0 0 0 0 0 0 0 0 1 1 0 1 0 0 1 0 1 1 0 0 1 0 0 0 1 1 0 0 0 0 0 1 0 1 0 1 1 0 0 1 0 0 1 1 0 0 0 0 0 0 1 0 0 1 0 0 1 0 0 1 1 0 0 1 1 0 1 1 0 0 0 1 1 1 1 1 1 0 1 0 0 0 0 0 0 0 1 0 1 0 0 0 0 0 0 0 0 0 1 0 0 1 0 0 1 1 1 1 1 0 1 0 0 1 1 0 0 0 0 0 0 1 1 0 0 0 0 0 0 0 0 0 0 0 0 0 0 0 1 0 1 1 1 1 0 0 0 1 1 1 0 0 1 1 0 0 0 1 0 1 0 1 1 1 0 1 0 0 0 0 0 1 1 0 0 1 1 1 0 0 0 1 0 0 
0 1 0 0 0 0 1 0 0 0 1 0 1 1 1 0 0 1 1 1 1 1 0 0 1 0 1 1 0 0 0 0 0 0 0 0 0 0 0 0 1 0 1 0 0 1 1 0 0 1 0 0 1 1 0 1 0 0 1 0 1 0 1 1 1 0 0 1 1 1 1 1 1 0 0 0 0 1 0 0 0 0 0 0 1 0 1 1 1 0 0 0 0 0 0 1 1 0 0 1 0 0 1 0 0 0 0 1 0 0 0 0 0 0 0 0 1 0 0 1 1 0 0 0 1 1 0 1 0 0 1 1 0 1 0 0 1 0 0 1 0 0 0 0 0 0 0 1 1 0 0 0 0 0 0 1 0 1 0 1 1 1 0 0 0 1 0 1 0 1 0 0 0 0 1 0 0 1 0 0 0 0 0 1 
1 1 1 0 0 0 1 0 0 0 0 0 1 1 1 0 0 0 1 0 1 0 0 1 0 0 1 1 1 1 1 0 1 0 1 1 0 0 0 1 0 0 0 0 0 1 1 0 0 0 0 0 0 0 0 1 1 1 0 1 0 1 0 0 1 0 0 0 0 0 0 0 0 1 0 0 0 0 1 0 1 0 1 1 1 0 0 0 1 1 0 0 0 0 0 0 0 0 1 0 1 0 1 0 1 1 1 0 0 0 0 0 1 1 1 0 0 0 1 0 0 1 1 1 0 0 0 0 0 1 1 1 1 1 0 0 0 0 0 1 0 1 0 0 0 0 1 0 0 1 1 1 0 0 0 0 0 1 0 1 0 1 0 0 1 0 1 1 1 1 0 1 0 1 1 0 0 0 0 1 0 0 0 0 
0 1 1 1 0 0 0 0 1 1 0 1 0 1 1 1 0 1 0 0 0 0 1 0 0 1 0 0 0 0 0 0 0 0 0 1 0 0 1 0 0 0 0 0 1 1 1 0 1 1 0 1 1 1 1 0 0 1 1 0 1 1 1 0 0 0 0 0 0 1 1 1 1 0 0 0 0 0 1 1 1 1 1 0 1 1 0 1 0 1 0 1 0 1 0 0 0 0 0 0 1 0 1 0 1 0 0 1 0 0 0 0 0 1 0 1 0 0 0 1 1 0 1 1 0 0 0 0 1 0 0 0 0 1 0 1 0 0 0 0 0 1 0 1 0 0 1 1 0 0 1 1 0 0 0 0 0 0 0 1 0 0 1 0 1 1 1 0 0 1 1 1 1 1 0 0 0 1 1 0 0 0 1 0 
1 0 1 1 0 1 0 0 0 0 0 0 1 1 1 1 0 1 0 1 1 0 1 1 0 1 0 1 0 1 1 0 0 1 0 0 1 0 0 0 0 0 0 0 1 1 0 0 0 1 0 0 0 1 1 1 0 1 1 0 0 0 1 1 0 0 1 0 0 0 1 0 0 0 1 1 0 0 0 0 1 0 0 0 1 0 1 1 0 0 0 1 1 0 0 0 0 1 1 0 0 1 0 0 1 0 0 0 0 1 0 1 0 0 0 0 1 1 0 1 1 1 0 1 0 0 0 1 0 1 0 1 1 0 0 1 0 1 0 0 0 0 1 1 1 0 1 0 0 0 0 0 0 0 1 0 1 0 0 0 1 0 1 1 0 0 1 0 0 0 1 0 1 0 1 1 0 0 0 0 1 1 0 1 
0 0 0 0 0 1 1 1 1 0 1 0 1 0 0 0 0 0 0 1 1 1 0 0 0 0 0 0 1 0 1 1 1 1 0 1 0 1 0 0 0 1 0 0 0 0 0 1 0 1 0 0 0 1 1 0 0 1 0 1 0 0 1 0 1 1 1 0 1 0 0 0 0 1 1 0 0 0 1 1 0 1 0 1 0 0 0 0 1 0 0 0 0 1 1 0 1 0 0 0 1 1 0 1 0 0 0 0 0 0 1 0 1 0 0 1 1 0 1 1 1 0 1 0 1 0 1 1 1 0 0 1 0 1 0 1 1 1 1 1 0 0 1 0 0 1 0 0 0 1 0 0 1 1 0 1 0 1 1 1 1 0 0 0 0 0 1 0 0 1 0 0 1 0 1 1 0 0 0 0 1 0 0 0 
1 1 0 0 1 1 1 0 0 0 0 0 1 1 0 1 0 1 1 1 0 1 1 1 0 0 1 0 1 1 0 0 0 0 0 0 0 0 0 0 1 0 0 0 0 1 1 1 0 1 0 1 0 0 0 1 1 1 1 0 1 0 0 1 1 0 0 0 0 1 0 0 0 0 1 1 1 0 0 0 1 1 0 0 0 1 0 0 0 0 0 0 1 1 0 0 0 0 0 0 0 0 1 0 0 1 1 0 1 0 0 0 0 0 0 0 0 0 0 1 1 1 0 1 0 0 1 0 0 1 0 0 1 0 0 1 1 0 0 1 0 1 0 0 0 0 1 1 1 1 1 1 1 0 1 0 0 1 0 0 0 1 0 1 1 1 0 0 1 0 0 0 0 0 0 0 1 1 0 0 0 1 0 1 
0 0 0 0 0 1 0 1 1 0 0 0 1 0 0 1 0 1 0 0 0 1 1 0 1 1 1 0 0 0 1 0 1 0 1 0 1 0 0 1 0 1 1 1 0 0 0 0 0 0 1 1 0 0 0 1 1 1 0 0 0 1 0 0 0 1 0 0 1 0 0 0 0 1 1 1 1 0 0 1 0 0 0 1 1 0 0 1 0 1 0 1 1 0 1 1 1 0 1 0 0 0 0 0 0 1 0 0 0 1 0 0 0 0 0 0 1 0 1 0 1 1 1 0 0 1 0 1 0 0 1 0 0 0 1 0 1 0 1 0 0 1 1 0 1 0 1 1 0 1 1 1 0 0 0 0 0 1 1 1 0 1 1 0 0 0 0 0 1 1 1 1 1 0 0 1 1 1 1 1 1 1 0 1 
0 1 0 1 0 1 1 0 0 0 0 0 0 1 1 0 1 1 0 0 0 0 0 0 1 0 1 0 1 0 1 0 0 0 1 0 0 1 1 0 1 0 0 0 0 0 0 1 1 0 1 0 1 0 0 1 0 0 0 0 0 1 1 1 1 1 1 1 0 0 1 0 0 0 0 1 1 0 0 1 0 0 0 1 0 0 0 1 0 1 0 0 0 0 1 0 1 1 1 1 0 0 1 0 0 0 1 0 0 1 1 0 1 0 1 1 0 0 1 1 0 1 1 0 1 0 1 0 1 1 1 0 0 0 1 0 0 1 0 0 0 0 0 0 0 0 0 1 1 0 0 0 1 0 0 0 0 1 1 1 1 1 0 1 1 1 1 0 1 0 0 1 0 1 0 0 0 1 0 0 0 1 0 1 
0 1 0 0 1 0 1 1 1 1 0 1 0 0 0 0 0 0 0 0 0 1 1 0 0 0 0 1 0 1 0 1 1 0 0 0 0 1 1 1 0 0 0 1 0 0 0 0 0 0 0 0 1 0 0 1 0 1 0 0 0 1 1 1 0 0 1 1 1 0 0 1 0 0 0 0 0 1 0 0 1 1 1 1 1 1 0 0 0 0 1 1 1 1 1 0 1 0 0 0 0 0 0 0 0 0 1 0 1 0 0 0 0 0 0 0 0 1 0 0 0 0 1 0 0 1 1 0 1 1 0 1 0 1 1 1 1 0 0 0 0 0 0 0 1 0 0 1 1 0 1 0 1 0 1 0 0 1 0 1 1 1 0 1 1 0 1 0 0 1 0 1 1 0 0 0 0 0 0 1 0 0 1 0 
1 0 0 1 0 0 0 0 1 1 1 0 1 1 1 0 0 0 0 1 1 0 1 1 0 0 1 1 1 1 0 1 1 1 0 1 0 0 0 0 1 1 1 0 1 0 1 0 0 0 0 0 1 0 1 0 1 1 0 0 1 0 1 1 0 1 0 0 1 0 0 1 0 0 0 0 0 1 1 0 0 1 1 0 0 1 0 0 0 0 0 1 0 0 0 0 0 1 1 1 0 1 0 0 1 1 0 1 0 0 1 1 1 0 1 1 1 0 0 1 0 0 1 1 0 0 1 1 1 1 0 0 1 0 0 1 0 1 1 0 1 0 0 0 0 0 0 0 0 1 0 0 0 0 1 1 1 0 0 1 1 0 0 0 1 0 0 1 0 0 0 0 1 0 0 1 0 0 1 0 1 0 0 0 
0 0 0 0 0 0 0 0 1 0 0 1 1 0 0 0 0 0 0 1 0 1 1 1 0 1 0 0 0 1 0 1 0 1 0 1 0 0 0 1 0 0 1 0 0 1 1 1 0 0 0 0 0 0 1 1 1 1 0 0 0 0 1 0 0 0 0 1 1 0 1 1 0 0 1 0 1 1 1 1 0 0 0 0 0 1 0 0 0 0 0 0 0 0 0 0 0 1 0 1 0 0 0 0 0 1 0 0 1 1 1 0 0 0 1 1 1 0 0 0 1 1 0 0 1 0 1 1 0 1 0 0 1 0 0 0 1 0 0 1 0 0 0 0 0 0 0 1 1 1 0 0 0 1 0 1 0 0 1 0 1 1 1 0 1 0 1 1 0 0 0 0 1 0 1 0 0 1 0 0 1 1 0 0 
0 0 0 0 0 0 0 0 0 1 0 1 0 0 0 1 0 0 0 0 0 0 0 0 0 0 1 1 1 0 0 0 0 1 1 1 1 0 0 0 0 0 1 1 0 0 0 0 1 0 0 0 0 1 0 1 1 0 1 0 1 1 1 0 0 0 1 0 1 0 1 1 1 1 0 0 0 0 0 0 0 0 1 0 0 1 1 1 1 1 1 0 0 1 0 1 1 0 1 1 0 1 0 1 1 0 1 1 0 0 0 0 0 0 0 1 0 0 0 1 0 1 0 0 1 0 0 1 0 1 1 1 1 0 1 0 1 0 0 0 0 0 0 0 0 0 0 0 1 0 0 0 0 0 0 1 0 0 0 0 0 1 1 0 0 0 1 0 0 0 0 1 1 0 0 0 0 1 0 1 0 0 0 0 
1 0 1 0 0 1 0 0 1 1 1 1 0 0 0 0 0 0 1 1 1 0 0 0 0 0 0 0 0 0 0 0 1 1 1 0 1 0 1 0 0 0 1 0 0 1 1 0 0 1 0 0 0 0 0 0 1 1 1 0 0 0 0 1 0 0 0 1 0 0 1 0 0 0 0 1 0 0 1 0 0 0 1 1 1 0 1 0 0 1 0 0 0 1 1 0 1 1 0 1 1 0 0 0 0 0 0 1 0 0 0 1 0 0 0 0 1 0 1 1 1 0 1 0 1 0 1 1 0 1 0 1 1 0 0 0 1 0 1 0 1 1 0 1 0 0 0 1 1 0 0 0 1 0 0 0 1 1 0 0 1 1 0 1 0 1 1 0 1 1 0 0 0 0 0 0 0 0 1 0 0 0 0 1 
0 0 0 0 0 1 0 0 0 0 0 1 0 0 1 0 0 0 0 0 0 0 1 0 1 0 0 0 1 0 0 0 1 0 0 1 0 0 0 1 1 0 0 0 1 1 0 0 1 1 1 1 0 0 1 1 0 0 0 0 1 0 0 0 1 0 0 1 1 1 0 0 0 0 1 1 0 1 0 1 1 0 0 0 1 0 0 1 1 0 0 0 1 0 0 1 1 1 0 0 0 0 1 1 1 0 0 0 1 1 0 1 1 1 0 1 1 1 0 1 0 0 0 0 1 1 0 1 1 0 0 0 1 0 1 0 1 0 0 0 1 0 0 0 1 1 1 0 0 1 0 0 0 0 0 1 0 1 1 0 0 1 1 0 0 0 0 0 0 0 0 0 0 0 1 1 0 0 0 0 0 0 0 0 
0 0 0 1 1 1 1 1 0 0 1 0 0 1 1 1 0 1 1 0 1 0 0 0 1 1 0 0 0 1 1 0 0 0 1 1 0 0 0 0 0 1 1 0 0 0 0 1 0 1 0 0 0 0 0 0 0 0 1 0 1 0 0 1 0 0 1 0 0 1 0 0 0 1 0 0 1 1 0 1 0 1 0 0 1 0 0 0 1 0 0 0 1 1 1 0 1 0 0 0 1 0 1 1 0 0 0 0 0 0 0 0 0 1 0 1 0 1 1 0 0 0 0 1 1 0 1 1 0 1 0 1 0 0 0 0 0 0 0 1 1 0 0 0 0 0 0 0 0 0 0 1 0 0 1 1 1 1 1 0 0 0 1 0 0 1 1 0 0 1 0 1 1 0 0 0 1 1 0 0 0 0 1 1 
0 0 0 0 0 0 0 0 0 0 0 0 0 0 1 0 0 1 1 0 0 1 1 1 1 1 1 0 1 1 0 0 1 0 1 0 0 0 1 0 0 0 0 1 0 0 0 0 1 0 0 0 0 1 0 1 1 1 0 1 0 0 1 0 0 0 0 1 0 0 1 1 1 0 0 0 0 0 1 0 1 0 0 1 1 1 1 0 0 1 1 0 1 1 0 0 1 0 0 0 1 1 1 0 0 1 0 1 1 1 0 1 0 1 0 0 0 0 1 1 1 1 1 0 0 1 0 1 1 1 0 0 0 1 0 0 0 1 1 0 1 0 0 0 0 0 0 0 1 1 0 1 0 0 0 1 0 0 1 1 0 0 0 1 0 1 0 1 0 1 0 0 0 0 1 1 1 1 1 1 0 1 0 1 
0 0 0 0 1 1 0 1 1 1 0 1 1 0 0 0 0 0 0 0 0 1 0 1 1 0 1 0 0 1 0 0 1 0 1 1 0 0 0 1 0 0 0 0 0 0 1 0 0 1 1 0 0 0 0 0 0 0 0 0 0 0 0 1 0 0 0 0 0 0 0 0 0 1 0 0 0 0 1 0 0 1 1 0 0 0 0 0 0 1 0 1 0 0 0 0 0 1 1 1 1 0 1 1 1 1 1 1 0 1 0 0 0 0 1 1 1 0 0 0 1 1 0 1 0 0 0 0 0 0 0 1 1 0 0 1 0 0 1 1 1 0 0 1 0 1 1 0 1 0 1 1 0 0 0 0 0 0 1 1 0 0 1 0 1 0 1 1 0 1 0 1 0 1 0 0 0 0 0 1 1 0 0 0 
1 0 0 0 0 0 1 0 1 0 0 1 0 0 1 0 1 0 0 1 1 0 0 1 0 0 1 1 0 0 1 1 0 0 0 1 0 0 1 0 0 0 0 0 0 1 1 1 0 0 1 1 0 0 0 1 0 1 0 0 0 0 0 1 0 1 0 0 0 0 0 1 0 1 0 0 1 0 1 1 0 0 0 0 1 0 0 1 1 0 0 0 0 0 0 0 0 1 0 1 0 0 1 1 1 1 0 0 0 1 0 0 1 0 0 0 0 0 0 1 0 0 0 1 0 0 0 0 1 0 0 1 0 0 0 1 0 0 0 1 0 0 1 0 1 0 0 1 0 0 0 1 0 0 1 0 0 0 0 1 0 0 1 0 1 0 0 1 0 0 1 0 0 0 0 0 1 1 1 0 1 0 0 0 
0 0 0 1 1 1 0 0 0 0 1 0 0 0 1 0 0 1 0 1 1 0 0 1 1 1 1 1 0 1 1 0 1 0 1 0 0 1 0 1 0 0 0 0 1 1 0 0 1 0 0 1 0 0 0 0 0 0 1 1 1 0 0 0 1 1 0 1 1 1 0 0 0 1 0 1 0 1 0 1 0 0 0 0 1 1 0 0 1 0 0 0 0 0 1 0 0 0 0 0 1 0 0 0 1 1 0 0 1 1 1 0 0 1 1 1 1 1 1 1 0 0 0 1 1 0 0 1 0 0 0 1 0 1 0 0 0 0 0 0 1 1 0 0 1 0 0 0 0 1 0 1 1 1 0 1 1 0 1 0 0 1 1 1 0 0 1 1 0 1 1 0 1 1 0 1 0 0 1 0 0 0 1 0 
0 1 1 1 0 0 1 1 1 0 0 0 1 1 0 1 0 0 0 0 0 0 0 1 1 0 0 0 0 1 0 0 0 0 0 0 1 0 0 0 1 1 0 1 0 1 1 0 1 0 1 0 0 0 1 0 1 0 0 0 1 1 0 1 0 1 0 0 1 0 0 1 0 1 1 1 1 0 0 0 1 1 0 1 0 1 1 0 1 1 1 0 0 1 0 0 0 0 0 1 0 1 0 1 0 0 1 1 0 0 0 0 1 0 0 0 0 0 0 1 0 1 0 0 1 1 1 0 1 0 0 1 1 1 0 1 1 1 1 0 0 0 1 0 1 0 0 0 1 0 0 1 0 0 1 1 0 1 0 0 0 0 1 1 0 0 0 0 0 1 0 1 1 0 0 0 0 1 1 1 1 0 0 0 
0 1 0 0 0 0 1 0 1 0 0 1 1 0 0 0 0 0 0 0 1 0 1 0 0 1 1 0 0 0 0 0 0 0 0 0 1 0 0 0 0 0 0 0 0 0 0 0 0 0 1 0 0 1 0 0 0 0 0 0 0 1 0 0 0 0 1 1 0 0 1 1 0 0 0 0 1 0 0 0 0 0 0 0 0 0 0 1 0 1 0 1 0 0 0 0 0 0 0 0 1 1 0 0 0 0 0 0 0 1 1 1 0 0 0 0 1 0 0 1 0 1 0 0 0 1 0 0 1 1 1 0 1 0 0 1 0 0 1 0 1 0 1 1 1 1 1 0 1 0 1 0 1 1 0 0 1 1 1 0 1 0 1 0 0 0 0 0 0 0 0 0 0 1 0 0 0 1 0 1 0 0 0 1 
0 0 1 0 1 1 1 0 0 0 1 0 1 0 1 1 0 0 0 0 1 1 0 1 0 0 0 1 0 1 0 0 1 1 0 1 0 1 0 1 0 0 0 0 0 0 0 1 1 0 0 1 1 1 0 1 0 0 1 1 0 0 1 0 1 0 0 1 1 0 1 1 1 1 0 0 0 0 1 0 1 0 0 0 1 1 0 0 0 0 0 1 1 0 0 1 0 0 1 1 0 1 0 1 0 1 1 0 0 0 0 1 0 1 0 0 1 1 1 1 0 1 0 0 1 1 1 0 1 0 1 0 0 1 0 0 1 1 1 0 1 1 0 0 0 0 1 0 0 1 0 0 0 0 1 0 0 1 0 0 1 0 0 1 0 1 1 0 0 0 0 0 0 0 1 0 0 0 1 1 1 1 0 1 
0 0 0 1 0 0 1 0 0 0 0 0 1 1 0 1 1 0 0 1 0 0 1 0 0 0 0 0 0 1 0 0 0 0 1 0 0 0 1 1 1 1 0 0 1 0 1 0 1 0 1 0 0 0 0 1 1 0 0 0 1 0 1 0 1 1 1 0 0 1 0 0 1 0 1 0 0 1 0 0 1 0 1 1 0 1 0 0 1 0 1 1 0 0 1 1 0 0 0 0 0 1 1 0 1 0 1 1 0 1 1 0 1 0 0 0 0 1 1 1 0 0 1 1 0 0 0 0 0 0 0 0 0 0 1 0 1 0 1 1 0 1 0 0 1 1 0 1 0 0 0 0 0 0 1 0 0 0 0 1 1 1 0 1 0 0 1 0 1 0 0 0 0 1 1 1 1 1 0 0 1 0 1 1 
1 0 0 0 0 0 0 0 1 0 0 0 0 0 1 1 1 0 0 0 1 0 0 0 0 1 1 0 0 1 0 1 0 0 0 1 1 0 0 0 1 1 1 0 1 0 0 1 0 1 0 0 0 1 0 1 0 0 1 0 0 0 0 0 0 1 1 1 0 0 0 1 0 1 0 1 1 1 0 0 0 0 0 0 0 0 1 1 1 0 0 0 0 1 1 1 1 0 0 0 0 1 0 1 0 1 1 0 1 0 0 0 1 1 1 0 0 0 0 0 0 1 0 1 0 1 0 1 0 1 0 0 1 1 1 1 0 1 0 1 0 1 0 1 0 1 0 0 1 0 1 0 0 1 1 1 0 1 0 1 0 0 0 1 0 0 0 1 0 1 0 0 1 1 0 0 0 0 0 0 1 0 0 0 
0 1 1 1 0 0 1 1 1 0 0 0 0 0 0 0 0 1 0 1 1 1 0 1 1 0 0 1 0 0 0 0 0 0 1 0 1 1 1 0 0 0 1 0 1 0 0 1 0 0 1 1 1 0 0 0 1 0 1 1 1 0 1 0 0 1 1 1 0 0 0 0 0 0 0 0 0 0 0 0 0 1 0 0 1 0 1 0 1 0 0 0 1 0 0 0 0 1 0 0 0 0 0 0 0 0 1 1 0 0 1 0 0 1 1 0 0 0 0 1 1 0 0 1 0 0 0 0 0 1 0 0 0 0 0 1 1 0 0 0 0 1 1 0 1 0 0 0 1 0 0 0 0 0 1 0 1 0 1 0 0 0 1 1 0 1 1 0 0 0 1 1 1 1 0 1 0 0 0 1 0 0 0 1 
0 0 0 1 1 1 0 1 1 1 0 0 0 1 0 0 0 1 0 1 0 1 1 0 0 1 0 1 0 0 0 0 0 1 1 0 1 0 1 0 0 0 0 0 0 0 1 0 1 0 0 1 0 0 0 1 1 0 1 0 1 1 0 0 0 1 0 1 1 1 1 1 0 1 1 1 1 1 1 0 1 1 1 0 1 0 0 1 1 1 0 1 0 0 1 1 1 0 1 1 0 0 0 1 1 1 1 0 0 1 1 1 0 0 1 1 1 1 0 1 1 0 1 0 1 0 0 1 1 1 0 1 0 0 0 0 1 0 0 0 0 0 0 0 1 1 0 1 0 0 0 0 0 0 1 0 0 1 1 1 0 1 0 1 0 1 0 0 0 0 0 1 0 0 0 0 0 1 0 1 0 1 0 1 
0 0 0 0 0 0 1 0 1 0 0 0 0 0 0 0 0 0 1 1 0 0 0 1 0 1 1 0 1 1 0 1 0 0 0 0 0 0 0 0 1 1 1 0 0 1 0 0 0 1 1 0 0 0 1 1 1 1 1 0 0 0 1 0 0 0 0 0 0 0 1 0 0 1 0 1 0 1 0 0 1 0 0 1 1 1 0 0 0 1 1 1 0 0 0 1 1 0 1 0 0 1 1 0 1 0 1 0 1 1 0 1 1 0 1 0 1 0 0 0 1 0 0 0 1 1 1 1 0 0 1 0 1 1 0 0 1 0 1 1 0 1 1 1 0 1 0 1 0 1 1 0 0 1 0 1 1 0 0 0 0 0 0 1 1 1 0 1 1 0 1 0 0 1 0 0 0 0 0 0 1 1 0 0 
1 1 0 0 0 0 0 1 0 0 1 1 1 0 0 0 1 1 1 1 1 1 0 1 0 0 0 0 0 0 1 1 0 0 1 0 0 1 1 1 0 0 0 0 0 0 0 1 0 0 1 1 1 1 1 1 0 1 0 0 0 0 0 1 1 0 0 1 1 1 1 1 1 0 1 0 1 0 1 0 1 0 0 0 0 0 1 0 1 0 0 1 0 0 1 0 0 1 1 1 0 0 0 0 1 0 1 1 0 1 0 0 0 1 0 0 0 0 0 0 1 0 1 1 0 1 0 1 0 1 1 1 1 0 1 1 0 1 0 0 0 1 1 1 1 0 0 0 1 0 1 0 0 0 1 0 0 1 1 0 0 0 0 0 0 1 0 0 1 0 1 0 0 0 0 1 1 0 0 1 0 0 1 1 
0 0 1 0 0 0 1 1 0 0 1 0 0 0 1 0 0 1 0 0 0 0 0 0 1 0 0 1 1 0 1 0 0 1 0 1 0 1 0 0 0 0 1 1 0 1 0 1 0 0 0 0 1 1 0 1 0 1 1 0 0 0 1 0 1 1 1 0 1 0 0 0 1 0 0 0 1 0 1 0 1 0 0 0 0 0 0 0 0 0 0 0 1 1 0 0 1 0 0 0 0 0 0 1 1 0 1 0 1 1 1 1 1 0 0 0 1 0 1 0 0 0 1 0 1 1 0 0 1 1 0 1 1 1 1 1 1 0 1 1 0 0 1 1 0 0 0 1 1 1 0 1 0 1 0 0 0 0 0 0 0 1 0 1 0 1 0 0 1 1 0 0 1 0 0 1 0 1 0 0 1 1 0 0 
1 0 0 1 0 0 0 1 0 1 0 1 1 0 1 1 1 1 0 0 0 0 0 1 0 0 0 1 0 1 1 0 0 1 0 1 0 0 0 0 1 0 0 1 0 0 1 1 0 1 1 0 0 0 0 1 0 1 1 1 0 1 0 1 1 0 1 0 0 0 0 1 0 0 0 0 0 1 1 1 0 0 0 0 0 0 1 1 0 0 0 1 1 0 1 0 0 0 1 1 0 1 0 0 0 0 0 0 1 1 0 0 1 0 0 0 0 1 0 0 0 0 0 1 1 1 0 1 0 0 0 0 1 1 0 1 1 0 0 0 1 1 0 1 0 1 0 0 1 0 1 0 0 0 1 1 1 0 0 0 0 1 0 0 1 1 0 0 1 0 0 0 1 0 0 1 0 0 0 1 0 0 0 0 
0 0 0 0 1 1 0 1 1 1 0 0 0 1 0 1 0 1 1 0 1 0 1 0 0 0 0 1 0 0 0 1 1 0 0 1 0 1 0 1 1 1 0 0 1 1 0 0 1 0 0 0 0 1 0 1 1 1 1 0 0 0 0 0 0 1 1 1 0 0 0 0 1 0 0 0 0 1 0 1 0 1 0 1 0 1 0 0 1 0 0 1 1 1 1 0 1 1 1 1 0 0 0 1 1 0 1 0 0 0 1 1 0 1 1 0 1 0 0 0 1 0 1 0 0 0 0 0 0 0 1 0 1 0 0 0 0 0 0 0 0 0 1 1 1 1 0 0 1 1 0 1 1 0 0 0 1 0 0 0 0 1 1 1 1 0 0 0 0 1 0 1 0 1 0 1 1 1 0 0 0 0 1 0 
0 0 1 1 1 0 0 0 0 0 1 1 1 0 0 0 1 1 1 0 1 1 0 1 0 0 0 1 1 1 1 0 1 0 0 1 1 0 0 1 0 0 1 1 1 0 1 0 1 0 1 1 1 1 1 0 1 0 0 0 1 0 0 0 0 0 0 0 0 1 0 1 0 1 0 0 0 1 1 0 1 0 0 1 0 0 1 0 1 0 1 0 1 1 1 0 1 0 1 0 1 1 1 1 1 0 0 0 0 0 0 0 1 0 1 0 0 0 0 1 1 0 1 1 0 0 1 0 0 0 0 0 0 1 0 0 1 0 1 1 0 1 1 1 0 0 0 1 0 1 0 1 1 0 1 0 0 0 1 0 1 1 1 0 0 0 1 1 1 0 0 1 1 1 0 0 0 1 0 0 0 1 0 0 
1 0 0 0 1 1 1 0 0 0 1 0 1 0 1 1 1 0 1 1 0 0 0 0 1 0 0 1 1 1 1 0 0 0 0 1 1 0 0 0 1 0 1 0 1 1 0 1 0 0 0 0 0 1 0 0 0 0 0 0 0 0 0 1 1 0 1 0 0 1 1 0 1 0 0 1 0 0 0 0 0 1 0 0 1 0 0 1 1 0 0 0 0 0 0 0 0 0 0 0 1 1 1 1 0 1 1 1 0 1 1 1 0 0 0 0 0 1 1 0 1 0 1 0 0 1 0 1 0 1 0 0 0 0 0 1 0 1 0 1 0 0 0 1 1 0 1 1 0 1 0 0 1 1 1 1 0 0 1 0 0 0 0 1 0 0 0 1 1 1 0 0 0 1 0 0 0 0 0 0 1 0 0 0 
0 0 0 0 1 1 0 0 0 0 0 0 1 1 0 0 1 1 0 1 0 1 1 0 1 1 1 1 0 0 0 0 1 0 1 1 1 0 1 0 0 0 0 1 1 0 0 1 1 0 1 0 1 0 1 0 0 1 0 0 1 0 0 0 1 0 0 0 1 0 0 1 0 1 1 0 0 1 1 0 0 0 0 0 1 0 1 1 0 1 1 1 0 1 1 0 1 1 1 0 0 0 1 0 1 0 0 0 0 1 1 1 0 1 1 0 1 0 0 0 0 0 1 0 1 1 0 1 1 1 0 1 0 0 0 0 1 0 1 1 1 0 0 0 0 1 1 1 1 0 0 0 1 0 0 0 0 0 1 0 1 1 0 1 1 0 1 0 1 0 0 1 0 0 0 0 0 0 1 0 0 0 1 0 
1 1 0 0 0 0 1 1 1 0 0 0 0 0 1 1 1 0 0 1 0 0 0 1 0 1 1 1 0 0 1 1 0 0 1 1 1 1 0 0 1 0 0 1 0 0 1 1 1 1 1 0 0 1 1 1 0 1 0 1 0 1 1 1 0 0 0 0 0 1 0 0 0 0 1 1 0 1 1 1 0 0 0 0 0 1 0 0 0 1 1 0 1 0 0 0 1 1 1 0 1 1 0 0 1 0 0 1 1 1 0 1 0 0 0 0 1 0 0 0 0 0 1 0 1 0 1 0 1 0 1 1 0 0 1 0 0 1 0 0 1 1 0 1 1 1 1 0 0 1 0 1 0 1 1 0 1 0 0 0 0 1 0 0 0 1 1 1 0 0 1 1 1 0 1 0 0 0 1 1 1 0 1 1 
1 0 0 0 0 0 0 0 0 1 1 1 0 0 0 1 0 0 1 1 1 1 1 0 0 0 1 0 0 0 1 0 1 0 0 1 1 0 1 0 1 0 0 1 1 0 0 0 0 1 0 0 1 1 0 1 1 1 0 0 0 1 0 1 1 0 0 1 1 0 0 0 0 1 0 0 0 0 0 0 1 1 1 0 0 0 0 0 0 0 0 1 1 0 0 0 0 0 0 1 1 1 1 0 0 0 0 0 0 0 0 1 1 1 0 1 1 1 1 0 1 0 0 1 0 1 0 1 0 0 1 0 0 1 1 1 0 1 0 0 1 0 1 0 0 0 0 0 0 0 0 1 0 1 1 1 0 0 0 0 1 1 1 0 0 1 1 0 1 1 0 1 0 0 0 1 0 0 0 0 1 1 0 0 
1 0 0 1 1 0 0 1 1 1 1 1 0 0 1 1 1 1 1 0 0 0 0 1 0 0 0 0 0 0 1 1 0 0 1 0 0 1 0 1 0 0 1 1 0 0 0 0 0 0 0 1 1 1 0 1 0 0 1 1 0 0 1 1 1 1 0 1 1 1 1 0 1 1 1 0 0 0 0 0 0 1 1 0 0 0 1 1 0 1 0 0 0 1 1 0 1 0 1 0 0 1 0 0 0 1 1 1 0 1 0 0 0 0 1 0 1 0 0 1 1 0 1 0 0 0 0 0 0 1 0 0 0 1 1 0 1 0 1 1 1 1 0 0 1 1 1 0 0 1 0 1 0 1 0 1 0 1 0 1 1 0 0 0 0 0 1 0 0 1 1 1 1 1 0 0 0 0 0 0 0 1 0 0 
0 1 0 0 1 0 1 1 0 0 0 1 0 0 0 0 1 0 1 1 1 1 0 1 0 1 1 1 0 1 0 0 1 1 1 0 1 0 0 1 0 0 0 1 1 0 0 0 0 0 0 0 1 0 1 0 1 0 0 0 0 1 0 0 1 0 1 0 0 1 0 0 0 1 0 0 0 0 0 1 0 1 0 1 1 0 1 1 1 1 0 0 0 0 0 0 1 1 1 0 1 0 0 0 0 0 0 0 0 0 1 0 0 1 0 1 0 1 0 1 1 0 1 1 0 0 0 0 1 1 0 0 0 0 1 1 0 1 0 0 1 1 0 0 1 0 0 1 0 0 0 0 0 1 0 0 0 1 0 0 0 0 1 0 0 0 1 0 1 0 1 0 0 0 1 0 0 0 0 0 0 1 0 0 
0 1 1 0 1 0 0 1 0 1 1 1 0 0 1 0 0 0 0 0 1 0 0 1 1 0 1 1 0 0 0 0 0 0 0 1 1 0 1 1 0 0 0 0 1 0 1 0 1 1 0 1 1 1 1 1 0 1 1 0 0 0 1 1 1 0 0 1 1 1 1 0 0 0 1 0 0 0 1 0 0 0 0 1 0 0 1 0 1 0 1 1 0 1 0 0 1 0 0 0 1 0 1 0 0 0 1 0 1 1 0 0 1 0 0 0 0 0 1 0 0 0 0 1 0 0 0 0 1 0 0 0 0 1 0 0 0 1 0 1 0 0 0 1 0 0 0 1 0 0 1 0 1 0 0 0 1 1 1 0 1 0 1 0 1 0 1 1 0 1 1 1 0 1 0 0 1 0 1 0 0 0 1 0 
0 1 1 1 0 0 0 0 0 0 0 1 0 1 0 0 0 0 1 0 1 0 0 0 1 1 1 1 1 1 1 0 1 0 0 0 0 0 0 0 0 0 0 0 0 0 0 0 0 0 0 0 0 1 1 1 0 0 0 1 1 1 0 0 1 0 0 0 0 0 0 1 0 0 0 1 0 0 0 0 1 0 0 0 0 0 1 0 1 0 1 0 0 0 0 0 0 0 0 0 0 1 1 0 0 0 1 0 1 0 0 0 0 1 0 1 0 0 1 0 0 0 1 0 1 0 1 0 0 0 0 1 0 0 0 0 0 0 1 0 1 0 0 0 1 0 1 1 0 1 1 1 0 0 1 1 0 0 0 1 0 0 1 0 0 0 0 0 1 0 0 0 0 0 1 0 1 1 0 0 1 1 0 0 
0 0 0 1 0 1 0 0 0 0 1 0 0 1 0 1 0 0 0 1 1 1 1 0 0 1 1 1 0 0 0 1 0 0 0 1 1 0 0 1 1 0 0 1 0 0 1 1 0 1 1 1 1 0 0 1 1 1 0 0 1 1 0 0 0 0 0 0 0 1 0 0 0 0 1 0 0 1 1 0 0 0 0 0 0 0 1 1 1 1 0 0 0 0 1 0 0 1 0 0 1 0 0 0 1 0 1 0 0 0 0 0 0 0 1 0 0 0 0 1 0 0 0 0 0 1 1 0 0 0 1 0 1 0 0 0 1 1 0 1 0 1 0 0 0 0 1 0 0 0 1 0 0 0 0 0 1 0 1 0 0 1 1 0 0 1 0 1 1 1 1 0 1 1 1 0 1 0 0 0 1 0 0 1 
0 1 0 0 0 0 0 0 0 1 1 0 0 0 0 0 1 1 0 0 1 0 0 1 0 1 1 1 1 1 1 0 0 0 0 1 0 1 1 0 0 1 1 0 1 1 0 0 1 0 1 0 0 1 1 0 0 0 1 0 1 0 0 0 0 1 1 0 1 0 1 1 0 0 0 0 0 1 1 0 0 1 0 0 0 0 0 1 0 0 1 0 1 1 0 1 1 0 0 0 0 0 1 0 1 0 1 0 0 0 1 0 1 0 0 0 1 0 1 1 0 1 1 0 1 0 1 0 0 1 0 0 0 0 1 1 1 0 0 0 1 1 0 1 1 0 1 0 0 0 0 0 0 1 1 1 0 0 0 0 1 0 1 0 1 0 0 0 0 1 1 1 0 1 0 0 1 0 0 0 0 0 0 0 
1 0 1 0 0 1 1 0 0 0 0 1 0 0 0 0 0 0 0 0 1 0 1 0 0 0 0 0 0 1 1 0 1 1 0 1 0 0 0 1 0 1 0 0 0 1 0 0 0 0 1 0 0 1 0 0 1 0 0 0 1 0 1 0 0 0 0 1 0 1 1 0 0 1 0 0 0 0 0 1 1 0 0 0 0 0 0 1 1 0 1 0 1 1 0 1 1 0 0 1 1 1 1 1 0 1 1 0 0 1 1 0 1 1 1 1 0 0 0 1 1 1 1 0 0 1 0 0 0 0 1 0 0 0 1 0 0 0 1 0 0 0 0 1 0 0 0 1 1 1 0 1 0 0 0 1 1 1 0 1 0 0 1 0 0 1 0 0 0 1 1 1 0 0 0 0 0 0 0 1 0 1 1 0 
0 0 1 0 1 0 0 0 0 0 1 0 1 0 1 1 0 0 0 1 0 1 1 1 1 1 1 0 0 0 1 0 0 0 0 1 1 0 1 0 0 0 0 0 0 0 0 1 1 1 1 0 0 1 1 1 1 0 1 1 1 0 0 1 0 0 1 0 1 1 1 1 1 0 0 1 1 1 0 0 1 0 0 0 1 0 1 0 1 0 0 0 0 0 0 0 1 0 0 0 0 0 0 1 0 0 1 0 0 1 0 1 0 0 1 0 1 1 0 0 0 1 0 0 0 0 0 0 1 1 0 1 1 1 0 1 0 0 0 0 0 0 0 0 0 0 0 0 0 0 0 1 0 0 1 0 0 0 0 0 0 0 0 1 0 1 0 1 0 0 0 1 0 1 1 1 0 1 1 1 1 0 0 0 
1 1 1 0 0 1 1 0 1 0 0 1 1 0 0 1 0 0 0 1 0 1 1 1 0 1 0 0 1 1 1 0 0 0 0 0 1 0 0 0 0 1 1 0 0 0 0 0 0 1 1 0 1 1 1 0 0 0 1 0 0 0 0 0 1 1 0 0 1 0 0 0 1 0 1 0 1 1 1 0 0 1 1 0 0 0 1 0 0 0 0 1 0 0 0 0 0 0 0 1 0 0 0 1 1 1 0 0 0 1 0 0 0 0 0 0 0 0 1 1 0 0 1 0 1 1 0 0 0 1 0 1 1 0 1 1 1 0 1 0 1 0 0 0 0 1 1 0 0 0 1 0 0 1 0 0 0 0 0 0 1 1 0 1 1 0 0 1 0 1 1 1 0 0 0 1 1 1 1 0 1 0 1 0 
1 0 0 0 0 1 0 0 0 0 1 0 0 1 0 1 0 0 1 0 0 0 1 1 0 1 1 0 1 1 1 0 0 1 1 0 0 1 1 0 0 0 0 0 0 0 0 0 1 0 0 1 0 0 1 0 1 1 1 0 1 0 0 1 0 0 1 0 0 0 0 0 0 1 1 1 0 0 0 0 0 0 0 0 0 1 0 1 1 0 1 1 1 1 0 1 0 1 0 1 0 0 1 0 0 1 0 0 0 1 0 0 1 0 0 0 1 1 0 1 0 0 1 0 0 0 1 1 1 0 1 1 1 0 0 1 0 0 0 1 1 0 1 0 0 0 0 0 1 1 1 1 0 0 0 0 0 1 0 0 0 0 1 1 0 0 0 1 1 0 1 0 0 0 0 0 1 1 0 1 0 0 1 0 
1 1 0 0 0 1 0 0 1 0 0 0 1 0 0 0 0 0 0 0 0 1 0 1 0 0 0 0 0 0 0 0 1 1 1 0 0 0 1 0 1 0 1 0 0 1 1 0 0 1 0 0 0 0 0 0 0 0 1 1 1 1 0 0 1 0 1 1 0 1 1 1 0 0 0 1 0 1 1 0 0 0 0 0 0 0 0 0 1 0 1 1 1 0 1 0 1 1 1 0 0 1 1 1 0 1 1 0 0 0 0 0 0 1 1 0 1 0 1 0 1 1 1 1 1 1 0 0 0 0 0 0 0 1 0 1 0 1 0 1 0 1 0 0 1 1 0 1 1 0 0 1 0 1 0 0 1 1 0 0 0 0 1 0 0 0 0 0 0 0 1 1 1 0 0 0 1 1 1 0 1 0 1 0 
0 1 0 0 1 1 0 0 1 1 0 0 0 0 0 0 0 0 0 0 1 0 1 1 1 1 0 1 0 1 1 1 1 0 0 1 1 0 0 0 1 0 0 0 0 0 0 0 1 0 0 0 1 1 1 1 0 1 1 0 0 1 1 1 0 0 0 0 0 0 0 0 0 0 0 0 0 0 0 0 0 0 0 1 0 1 0 1 0 1 1 1 0 1 0 0 0 0 0 0 1 1 0 0 0 0 0 1 0 0 0 0 1 0 0 0 1 0 1 1 0 0 0 0 1 1 0 0 0 0 1 1 1 1 1 0 1 1 1 0 0 0 0 1 0 0 0 1 1 0 1 0 0 0 1 1 0 0 1 1 0 0 1 1 0 1 0 0 1 0 1 0 0 0 1 0 0 1 0 1 0 0 1 0 
0 1 0 1 0 0 1 1 1 0 0 0 0 0 0 1 1 0 0 1 0 0 0 0 0 0 1 1 1 1 1 1 0 0 1 0 1 0 1 1 0 0 0 0 0 1 0 0 1 0 0 0 0 1 0 0 0 0 0 0 1 1 0 0 1 0 0 1 1 1 0 0 0 1 0 0 0 0 0 1 0 1 0 1 0 0 0 0 1 1 1 0 0 0 0 1 1 0 0 0 0 0 0 1 1 0 1 0 0 0 0 0 0 0 1 1 1 0 1 0 1 0 0 0 1 1 1 0 1 1 0 0 0 0 1 0 0 0 1 1 1 1 0 0 0 0 0 1 1 1 0 0 1 0 0 1 1 1 0 0 0 0 0 0 0 0 0 0 0 0 0 0 1 0 1 0 0 0 0 0 0 0 0 0 
0 0 1 1 1 1 0 0 0 1 0 0 0 0 1 0 0 1 1 0 0 0 1 0 0 0 0 1 0 0 1 0 0 1 0 1 0 0 1 1 1 1 0 0 0 1 1 1 0 0 0 1 1 1 1 0 0 0 1 1 1 1 0 0 0 1 0 1 0 1 0 0 0 1 0 0 0 0 1 0 0 0 0 1 1 0 1 1 0 0 0 1 0 0 0 0 0 0 0 1 0 0 1 0 0 1 0 1 1 1 0 0 0 1 0 1 0 0 1 0 1 1 1 1 0 1 1 1 0 0 0 1 0 1 0 0 1 0 0 0 0 0 0 1 1 0 1 1 0 0 1 1 1 0 1 1 0 1 1 0 1 0 0 0 1 0 0 1 0 1 0 0 0 0 0 0 1 0 1 0 0 1 1 1 
0 1 0 0 0 1 1 0 1 0 1 1 0 0 0 1 1 1 0 0 0 1 0 1 0 0 0 1 1 0 0 0 1 0 1 0 0 0 0 1 1 0 0 0 0 0 0 0 1 0 0 0 1 0 1 0 0 0 0 0 1 1 1 1 1 0 0 0 0 1 0 0 0 0 0 1 1 1 1 1 0 0 1 1 0 1 0 0 0 0 0 1 0 0 1 1 0 1 1 0 1 0 0 0 1 0 1 0 1 0 1 0 0 0 0 0 1 0 1 0 1 0 0 1 0 0 1 0 0 1 1 0 0 0 1 0 1 1 0 1 0 1 0 1 0 0 1 0 0 1 0 1 0 0 1 0 0 1 0 0 0 0 1 0 0 0 1 0 0 1 0 1 1 0 0 1 1 1 1 0 1 1 1 0 
1 1 1 1 0 0 0 1 1 0 0 0 1 1 0 0 1 0 0 1 0 0 1 0 1 0 0 1 1 0 0 0 1 1 0 0 0 0 0 0 0 0 1 0 1 0 0 0 0 0 1 1 0 1 0 1 0 0 1 1 0 1 0 1 0 1 0 0 1 1 1 1 1 0 1 1 0 0 1 1 0 0 0 1 0 1 1 0 1 0 0 0 0 0 0 1 0 0 1 1 1 0 0 0 0 0 0 1 0 1 0 0 0 0 0 0 0 0 0 1 1 0 1 0 1 1 0 0 1 0 1 1 1 1 1 0 0 1 0 1 0 1 1 1 1 0 1 0 1 0 0 1 0 0 0 0 1 0 0 0 0 0 0 0 1 1 1 0 0 0 1 0 0 0 0 0 0 0 0 0 0 1 1 0 
0 1 1 1 1 1 0 1 1 1 1 0 1 1 1 0 0 0 1 1 0 0 0 0 1 0 0 1 1 0 0 0 1 0 0 1 0 1 0 1 0 0 1 1 0 0 1 0 1 0 0 0 1 0 1 1 0 1 0 0 0 1 1 0 0 0 1 0 0 0 0 0 0 0 0 1 1 0 0 0 1 0 1 0 1 1 0 1 1 1 1 0 0 0 0 0 1 1 0 0 0 0 0 1 1 1 1 1 1 0 0 1 1 1 0 0 1 0 0 0 1 1 0 0 0 0 1 0 0 1 1 0 0 0 0 1 1 1 1 0 1 0 0 0 1 1 0 1 1 0 0 1 1 1 0 1 1 0 0 1 1 1 1 1 0 0 1 1 0 0 1 1 0 1 0 1 0 0 0 1 1 0 0 1 
0 0 0 0 1 0 1 0 1 1 0 0 0 1 0 1 0 0 1 0 0 0 0 0 1 0 1 1 1 0 0 0 1 0 1 0 1 1 1 1 0 0 0 0 0 0 0 0 1 1 0 1 1 1 0 0 0 1 0 0 0 0 1 0 0 0 1 0 1 0 0 0 0 1 0 1 0 1 0 0 0 0 1 0 1 1 1 0 1 1 0 0 0 1 0 1 1 0 1 1 1 0 0 1 1 0 0 0 1 1 0 1 1 0 0 1 1 0 0 0 1 1 1 0 1 0 0 0 0 0 1 1 1 1 0 0 0 1 0 1 1 0 1 0 1 0 0 0 0 1 0 0 0 0 1 1 0 0 1 1 1 0 0 0 1 1 0 1 0 0 1 0 0 0 1 0 0 0 0 1 0 0 0 0 
1 0 0 1 1 0 1 0 0 1 1 0 1 1 0 1 1 0 0 1 1 1 1 0 1 0 0 1 0 0 0 0 0 1 1 1 0 0 1 1 1 0 0 1 0 1 1 0 1 1 0 1 0 1 1 0 0 0 0 1 0 1 0 0 0 1 0 0 1 1 1 0 1 0 1 0 1 0 1 1 1 0 0 0 1 1 1 0 0 1 0 0 1 0 1 0 0 0 0 1 0 1 0 1 1 1 1 1 0 1 0 1 0 0 0 1 1 0 0 1 1 1 1 0 0 0 0 0 1 0 0 1 1 1 0 0 1 0 1 0 0 1 1 1 0 0 0 0 0 0 1 0 1 0 0 1 0 0 0 1 0 1 0 0 0 0 0 1 1 0 0 0 1 0 1 0 0 0 0 1 0 1 1 1 
0 0 1 1 1 0 0 1 1 0 1 1 0 1 0 1 1 0 0 0 1 0 1 1 1 1 0 0 1 0 0 1 1 0 0 1 1 0 1 0 1 1 1 1 0 1 0 1 0 0 0 1 1 1 1 0 0 1 0 1 0 0 1 0 1 0 1 0 0 1 0 0 1 0 0 0 0 1 0 0 0 0 0 1 1 0 0 1 0 0 0 0 0 1 0 1 0 1 0 1 0 0 0 0 1 1 1 1 0 0 1 1 1 1 1 0 0 1 0 0 1 1 1 0 0 0 0 0 0 0 0 0 0 0 0 0 1 0 1 0 0 1 0 0 0 0 1 0 1 1 0 1 0 1 1 1 1 0 0 0 0 0 0 0 1 1 0 1 0 1 0 0 0 0 0 1 0 1 0 1 0 0 0 1 
1 1 1 1 0 1 1 0 0 1 1 0 1 0 1 0 0 1 0 1 1 1 1 0 1 1 0 0 0 0 1 1 1 0 0 1 0 0 1 1 1 0 1 0 1 0 1 1 1 1 0 1 1 0 1 0 1 1 1 0 0 0 0 1 0 1 0 0 0 0 1 1 0 0 1 1 0 1 1 1 1 1 0 1 1 0 0 0 0 0 0 1 0 0 1 0 1 0 1 0 0 0 0 1 0 1 0 1 0 0 0 0 0 1 1 0 1 0 0 1 1 0 0 0 0 1 1 0 0 1 0 1 0 0 1 1 1 0 0 0 0 0 0 0 1 1 1 0 0 0 0 1 0 1 0 1 0 0 0 0 0 1 1 0 1 1 1 0 1 0 0 0 1 0 0 0 0 0 1 1 0 0 1 0 
1 0 1 0 1 0 1 0 0 0 1 0 0 1 1 1 1 1 0 1 1 0 0 0 1 0 0 0 0 0 0 0 0 0 0 1 0 1 0 1 1 1 0 0 0 0 1 0 0 1 1 0 0 0 0 0 1 0 0 1 0 1 1 0 0 1 0 0 1 0 0 0 0 1 0 0 0 0 1 0 0 1 1 0 1 0 1 1 0 1 0 1 0 1 0 0 0 1 0 1 0 0 1 0 0 1 1 0 1 1 0 0 0 1 1 0 0 0 1 0 0 1 0 0 1 0 0 0 0 1 0 0 0 1 0 0 1 0 1 0 0 1 1 0 0 0 1 1 1 0 0 0 1 1 0 1 1 1 1 0 1 1 0 1 1 1 1 1 1 1 0 0 0 1 0 1 1 1 0 1 1 0 0 0 
0 0 1 0 1 0 0 0 1 0 0 0 0 0 1 1 0 0 1 0 1 0 1 0 0 0 0 1 0 1 1 1 1 1 0 1 1 1 1 0 1 0 0 1 1 0 0 0 1 1 1 0 0 0 0 0 0 1 1 0 0 1 1 0 0 1 0 0 0 0 1 0 1 0 0 1 1 1 0 0 1 0 0 0 0 0 1 1 1 0 0 0 1 0 0 0 0 0 0 1 1 0 0 1 0 0 1 0 0 0 1 1 1 0 0 1 1 0 1 0 1 1 1 1 0 0 1 1 1 0 1 0 0 0 0 0 0 0 0 1 0 0 0 0 0 1 1 1 0 0 1 0 1 0 0 1 1 0 1 1 0 1 0 1 0 1 0 0 0 0 0 0 0 1 0 0 0 1 0 1 0 0 1 1 
1 0 0 1 1 1 1 0 0 0 0 1 1 0 0 0 1 0 0 0 1 0 0 0 0 0 1 0 0 1 0 0 0 1 0 0 0 1 0 0 1 1 1 1 0 0 0 1 1 1 0 0 0 1 0 1 1 0 0 0 1 0 1 0 1 0 1 0 1 0 1 1 0 0 0 1 1 1 1 1 0 1 1 0 0 0 0 0 0 0 1 0 0 0 1 0 1 0 0 0 1 1 0 0 0 1 1 1 0 1 0 0 0 0 1 0 0 0 1 0 0 0 0 1 0 1 0 0 0 1 0 0 0 1 0 0 0 0 1 0 1 1 1 0 0 0 1 1 1 1 1 1 0 0 1 1 0 0 0 0 0 1 1 1 0 1 0 0 0 0 0 1 0 1 0 1 1 1 1 1 1 1 1 1 
0 1 1 0 0 1 0 0 1 0 1 0 1 1 0 0 1 0 0 1 1 1 0 1 0 1 0 0 0 1 1 0 0 0 1 1 0 1 0 1 0 0 0 0 1 1 0 1 1 1 0 0 1 0 0 1 1 1 0 0 0 0 1 0 0 0 1 0 0 0 0 0 0 0 0 0 0 1 1 0 1 0 1 0 1 0 0 1 1 0 0 1 0 1 0 0 0 0 0 0 0 0 0 1 1 0 1 0 0 0 0 0 1 0 1 0 0 0 0 0 0 0 0 0 0 1 0 1 1 0 1 0 1 0 1 0 1 1 0 1 1 1 0 0 1 0 0 0 0 0 1 0 1 0 1 0 1 0 1 0 1 1 1 0 0 1 1 0 0 0 1 0 0 0 1 1 0 0 1 0 0 1 1 0 
1 0 0 1 1 1 0 0 0 1 0 1 0 0 0 0 0 0 0 0 1 1 0 0 1 1 1 0 0 1 1 0 1 0 0 1 0 0 1 0 1 0 0 1 1 1 0 1 0 0 1 0 1 0 1 0 1 0 0 0 1 0 0 0 0 1 0 0 1 0 1 0 0 0 0 0 0 0 1 0 0 1 1 0 0 0 0 0 0 1 0 0 0 0 0 1 1 1 1 0 0 0 1 1 1 0 0 1 1 1 0 0 0 1 1 0 0 0 0 1 0 0 0 1 1 1 1 1 1 1 1 0 0 0 1 1 1 1 0 0 1 0 0 1 1 1 0 0 1 1 0 1 0 1 0 1 1 1 0 1 1 1 0 0 1 1 1 0 1 1 1 1 0 1 0 0 0 0 0 0 1 0 1 0 
0 1 0 1 0 1 0 1 0 0 0 1 0 0 0 1 1 1 0 0 0 1 1 1 1 0 0 0 0 1 0 0 0 0 1 0 0 0 0 0 1 1 0 0 1 1 0 0 0 1 0 1 1 0 1 0 0 1 0 1 1 0 1 1 0 1 0 0 0 0 0 1 0 1 0 1 1 0 1 0 0 1 1 0 0 0 1 0 1 0 1 1 0 0 1 1 1 0 0 1 1 0 1 0 0 0 0 0 1 0 1 0 0 1 1 1 1 0 0 0 1 1 0 0 0 0 0 0 1 0 0 1 1 1 1 0 1 1 1 1 0 0 0 1 0 0 0 0 1 0 0 1 0 1 0 1 1 0 1 0 0 0 0 0 1 0 1 1 0 0 0 0 0 1 1 0 1 0 1 0 0 0 0 0 
0 1 0 0 1 0 1 0 0 0 1 1 0 1 1 0 0 0 0 0 1 1 1 0 0 1 0 0 0 1 0 0 0 1 1 0 0 1 1 1 0 0 1 1 1 0 0 0 0 0 0 1 0 0 0 0 0 1 0 0 0 1 0 1 0 1 1 0 0 1 0 0 0 0 0 1 1 1 1 1 1 1 1 0 1 1 1 1 1 0 1 0 0 0 1 0 0 1 0 0 1 1 0 1 0 1 0 0 0 1 0 0 1 1 0 1 1 1 1 1 0 0 1 0 0 1 0 1 1 1 1 0 0 0 1 0 1 1 0 0 1 0 0 0 1 0 0 1 0 0 1 1 1 1 0 0 0 0 0 0 1 0 0 1 1 0 0 0 0 1 0 0 1 0 0 1 0 1 0 0 0 0 1 1 
1 0 1 0 0 0 0 0 1 1 0 0 0 1 0 1 0 0 1 0 0 0 0 1 1 0 0 0 0 1 1 0 0 1 1 0 0 0 0 0 1 0 0 0 1 0 0 1 1 0 0 1 0 1 1 0 1 0 0 0 0 0 0 0 1 0 0 1 0 1 0 0 0 0 1 0 1 1 0 0 1 0 0 0 0 0 0 1 0 0 0 0 1 0 1 0 1 0 0 0 0 1 0 0 0 0 1 0 0 1 1 0 0 1 1 0 0 1 0 0 0 1 0 1 0 1 1 0 1 0 0 0 1 0 0 1 0 1 1 0 1 1 0 0 0 0 0 0 0 1 0 0 1 0 1 1 1 0 0 0 0 0 1 0 0 1 1 1 1 0 0 1 1 0 1 1 0 1 0 0 0 1 0 0 
0 0 0 0 0 0 0 0 0 0 0 0 1 0 0 1 0 1 0 1 1 1 0 0 0 0 0 0 1 0 0 1 0 0 0 0 0 1 1 0 0 0 0 1 1 0 1 0 1 1 1 1 1 1 1 0 0 1 0 0 1 0 1 1 1 0 1 0 1 1 1 0 0 0 1 1 0 1 0 0 1 0 1 0 1 0 0 1 1 0 1 1 0 0 0 1 1 1 1 0 1 0 1 0 0 0 0 0 0 0 1 0 0 0 0 0 0 0 0 0 0 0 0 0 0 1 0 0 1 0 1 0 1 1 0 0 0 0 0 1 0 0 1 0 0 0 1 0 1 0 0 1 1 1 1 0 0 0 0 1 1 0 0 0 1 1 0 1 0 0 1 1 0 1 1 1 0 0 0 0 0 1 0 1 
1 0 1 0 0 1 0 0 0 1 0 1 1 1 0 0 0 1 0 1 0 0 1 0 1 1 1 0 1 1 0 1 0 1 0 0 1 1 0 0 1 0 1 0 0 1 0 0 1 0 0 1 1 0 1 0 0 0 0 0 1 0 0 0 0 0 1 0 1 0 1 0 1 0 1 0 1 0 0 0 0 1 1 1 0 1 0 0 0 1 0 1 1 0 0 1 1 0 0 0 1 0 0 0 1 0 1 1 0 1 0 0 0 1 1 1 0 1 0 1 0 0 0 0 1 0 0 0 0 1 0 0 0 0 0 0 0 1 1 1 0 0 0 1 0 0 0 0 1 1 0 1 1 1 1 0 0 0 0 1 0 0 0 0 1 0 1 1 1 1 1 0 1 0 0 0 0 1 1 1 1 1 0 1 
0 1 0 0 0 0 0 0 1 0 0 1 1 0 1 0 1 0 1 1 0 1 0 0 1 0 1 0 1 0 0 0 0 0 0 1 0 1 0 1 1 1 1 0 0 1 0 0 1 1 1 1 0 0 0 1 1 0 1 0 1 1 0 1 1 0 0 1 0 0 0 0 0 0 0 1 1 0 1 1 1 0 1 0 1 1 0 1 0 0 1 1 0 0 1 1 1 1 0 0 1 0 0 0 0 1 0 0 1 0 0 0 0 1 0 1 0 0 1 0 0 0 0 0 0 0 1 0 0 0 0 1 0 0 0 0 0 1 1 0 0 1 1 0 1 0 1 1 0 0 0 1 1 1 1 0 0 1 0 0 0 1 0 0 0 1 1 1 0 0 1 0 0 1 1 0 0 0 0 0 1 1 1 0 
0 0 0 1 0 0 0 1 1 1 1 0 0 0 0 0 1 1 0 0 1 0 1 1 0 1 0 1 0 0 1 0 1 0 0 1 0 0 1 1 1 0 0 1 0 1 1 1 0 0 0 0 0 0 0 0 1 0 1 0 0 0 0 0 1 1 0 1 0 0 0 1 1 0 0 0 0 0 0 1 1 1 0 1 1 0 0 0 0 1 1 1 0 1 1 0 0 0 0 0 0 1 0 0 0 0 0 0 0 0 0 1 1 0 1 0 1 0 0 0 0 0 1 0 0 0 0 0 0 1 0 0 1 0 0 1 1 0 1 1 1 0 1 1 0 0 1 1 1 0 0 0 0 0 1 0 1 0 0 0 0 0 0 1 0 0 1 0 0 0 1 0 0 0 1 0 0 0 1 0 1 1 1 0 
0 1 0 1 1 0 0 1 0 0 0 1 1 0 0 1 0 1 1 1 1 1 0 0 1 1 0 1 1 1 0 0 0 0 1 0 1 0 0 0 0 0 0 1 0 0 0 1 1 0 0 0 0 0 0 0 0 0 1 0 1 1 1 0 0 1 0 1 0 1 1 0 1 1 1 0 1 1 0 0 1 0 0 1 0 1 1 0 0 1 0 0 1 0 1 1 0 1 0 1 1 0 1 0 1 1 1 1 0 1 1 0 1 0 0 1 0 1 0 1 1 1 0 0 0 1 1 1 0 0 1 0 0 0 1 0 0 1 1 0 0 1 0 1 1 0 1 0 0 1 0 0 0 1 0 1 1 0 0 0 1 0 1 1 0 1 0 0 0 0 0 1 0 1 1 1 0 1 0 1 0 1 0 1 
1 1 1 0 1 1 1 0 1 0 1 0 0 1 1 0 0 1 0 1 0 1 0 1 0 0 1 0 0 0 0 0 1 0 0 0 0 0 0 0 0 0 0 1 1 1 1 0 1 0 0 1 0 0 1 0 1 1 0 1 1 1 1 1 0 0 0 0 1 0 0 1 0 0 0 0 0 0 0 0 1 1 0 1 1 0 0 0 0 0 0 0 1 0 0 0 0 0 0 0 1 0 1 1 0 1 0 0 0 0 1 1 0 0 0 0 0 0 0 0 0 1 0 1 1 0 1 0 1 1 1 0 0 1 1 0 1 1 1 1 0 1 0 1 0 1 0 0 1 1 0 0 0 0 1 0 0 0 0 0 0 0 1 1 1 0 0 1 0 0 0 0 0 0 1 0 0 0 0 0 0 0 0 0 
0 1 0 1 0 1 0 0 0 0 0 1 0 1 0 1 0 0 1 1 0 1 1 0 0 0 1 0 0 0 1 0 1 0 0 0 1 0 0 0 0 0 0 0 0 0 1 1 0 1 0 0 0 1 1 0 0 1 0 1 1 0 0 1 0 1 0 0 1 1 1 1 0 0 1 0 0 1 1 0 1 1 1 0 0 0 1 0 0 0 0 1 1 0 0 0 0 1 1 1 0 0 0 0 0 0 0 0 0 1 0 0 0 0 1 0 1 0 1 0 1 1 1 1 1 0 1 0 1 1 1 0 0 0 0 1 1 1 0 1 0 0 1 1 1 0 1 0 0 1 1 1 0 0 0 0 1 1 0 1 0 0 1 0 1 0 0 1 0 1 0 1 0 0 0 0 0 0 0 0 0 1 0 0 
0 1 1 0 1 0 0 0 0 0 1 1 0 0 1 0 1 1 0 0 1 1 0 0 1 0 0 0 1 0 0 0 1 0 0 0 0 0 0 1 0 1 1 1 0 0 1 1 0 1 0 0 1 0 1 0 0 1 1 0 0 0 0 1 0 0 0 0 0 0 0 0 1 0 0 1 0 0 0 0 0 0 0 0 1 0 0 0 1 1 1 1 1 0 0 0 0 1 0 0 0 1 0 0 0 1 1 0 0 0 0 0 0 0 1 1 1 0 0 0 0 1 0 0 0 1 0 0 1 1 1 0 0 0 0 0 0 0 0 0 1 0 0 1 0 1 1 0 1 0 0 1 1 0 1 1 0 0 1 1 0 1 0 1 0 0 0 1 1 1 1 1 0 0 0 0 0 1 0 0 0 0 0 0 
1 0 0 0 1 1 1 1 0 0 1 1 1 0 0 0 1 0 0 1 0 1 1 1 0 0 0 0 0 0 1 1 0 0 0 1 1 0 0 1 0 0 0 0 0 1 0 1 0 0 0 0 1 1 0 0 1 1 1 0 0 0 0 0 1 0 1 0 0 0 1 0 0 0 0 0 0 0 0 1 0 0 0 0 1 0 0 1 1 1 1 0 0 1 1 1 0 0 0 1 0 1 1 1 0 0 0 1 1 0 0 1 0 1 0 0 0 0 0 0 0 1 1 0 0 0 0 1 1 1 1 0 1 1 0 1 0 1 0 1 1 0 1 1 0 0 0 0 0 0 1 0 0 0 1 0 0 0 0 0 0 0 0 0 1 0 0 1 1 0 1 0 0 1 1 0 0 0 1 0 1 0 1 0 
0 1 1 0 1 0 1 0 0 0 0 0 0 1 0 0 0 0 0 1 0 0 1 1 0 0 0 1 1 0 0 0 0 0 1 0 1 1 0 0 0 0 0 0 0 1 0 0 1 1 1 1 0 0 0 1 0 0 1 1 0 0 1 1 1 0 0 0 0 0 1 1 0 0 0 0 0 0 0 0 0 1 1 1 0 1 0 0 0 0 1 0 1 0 0 0 0 1 1 0 0 1 1 1 0 1 0 0 1 0 0 0 1 0 1 1 1 1 1 1 0 0 1 0 1 0 1 0 0 0 1 1 0 0 1 1 0 0 0 0 0 0 0 1 0 0 0 1 0 1 0 0 0 1 0 1 0 1 0 0 0 0 0 1 1 1 1 1 1 0 0 1 0 0 0 0 0 1 0 1 0 1 0 1 
0 1 0 0 0 1 0 0 0 0 1 0 0 1 1 1 1 0 0 1 0 0 1 0 0 0 1 0 1 0 0 0 0 0 0 1 1 0 0 0 0 1 1 1 0 0 0 0 0 0 1 0 0 0 0 1 0 1 0 1 1 1 1 0 0 1 1 0 0 1 0 0 1 1 0 0 0 0 1 1 1 0 0 1 0 0 1 1 0 0 1 0 1 0 1 1 0 0 0 1 0 0 0 0 0 1 0 0 0 0 1 1 1 0 0 1 1 1 1 0 0 1 0 0 1 1 1 0 0 0 1 1 0 0 1 0 0 1 1 0 1 1 1 1 0 1 0 0 0 0 1 0 0 1 0 1 0 0 0 0 0 0 1 0 0 0 1 0 1 0 0 0 1 1 0 0 1 0 1 1 1 1 1 0 
1 0 1 0 0 0 0 0 0 0 0 1 0 1 0 1 1 0 0 0 0 0 1 0 0 0 0 0 0 0 0 0 0 0 0 1 0 0 1 0 0 0 0 0 0 0 1 0 0 0 1 1 0 0 1 1 0 0 1 1 0 0 1 0 1 0 0 1 0 0 1 0 0 0 0 0 0 1 1 1 1 1 1 0 0 1 1 1 1 1 0 0 0 0 0 1 0 1 0 0 1 0 1 0 0 0 1 0 0 0 0 1 1 1 1 0 1 1 0 0 0 1 1 1 0 1 0 1 0 0 1 1 0 0 0 1 0 1 0 0 1 0 0 1 0 0 0 0 1 0 1 0 0 1 0 1 0 0 0 0 0 0 0 0 0 0 0 1 0 0 0 1 0 0 0 0 0 1 0 0 1 1 0 0 
0 1 0 1 1 1 0 1 0 1 1 0 0 0 0 0 0 0 0 0 0 1 1 0 1 1 0 0 0 0 0 1 0 0 0 0 0 0 1 1 1 1 0 1 0 1 0 1 0 1 0 0 0 1 1 0 0 0 1 0 1 0 0 1 0 1 0 0 0 0 1 0 1 1 0 1 0 1 0 0 0 0 1 1 1 0 1 1 0 0 0 1 0 1 1 1 0 0 1 0 1 1 1 0 0 1 1 1 1 0 0 0 0 0 1 1 0 0 1 0 1 0 0 0 1 0 1 1 1 0 0 0 0 0 1 1 1 0 0 1 0 0 0 0 0 0 0 0 1 0 0 0 1 1 0 1 0 0 0 0 0 0 1 0 0 0 0 0 1 0 0 0 1 1 0 1 0 0 1 1 0 0 1 0 
0 0 0 0 1 0 0 0 0 0 1 0 0 0 1 0 0 0 0 0 0 1 1 0 0 1 0 0 1 1 0 0 0 0 0 1 0 0 1 0 0 0 0 0 0 0 0 0 1 0 1 1 1 0 0 0 1 0 1 1 0 0 0 0 1 0 1 0 0 0 0 1 0 0 1 1 0 0 1 0 0 0 1 0 0 0 0 1 0 1 1 0 0 0 1 1 0 1 0 0 1 1 0 0 1 0 1 1 0 1 0 1 0 1 0 1 1 0 1 1 0 0 1 0 1 0 0 1 0 0 1 1 1 0 1 0 1 1 0 0 1 0 0 1 1 1 0 0 1 1 1 1 0 1 1 0 0 0 1 0 0 1 0 1 0 0 0 0 1 0 0 1 1 0 0 0 0 1 1 0 0 1 0 1 
0 0 0 1 0 0 1 1 0 1 1 0 1 0 0 1 0 0 0 1 1 1 1 0 0 1 1 1 1 1 1 1 0 0 0 1 0 0 0 0 0 1 0 1 1 0 0 0 1 0 1 0 1 1 0 1 1 1 0 1 0 1 0 0 0 0 0 1 1 0 1 0 1 0 0 1 0 1 0 0 0 1 0 0 0 1 0 1 0 0 0 1 1 1 0 0 1 1 0 0 1 0 0 1 1 1 1 1 0 0 1 0 1 0 0 0 1 1 0 1 1 0 0 0 0 0 0 1 1 0 0 0 0 1 0 1 0 0 1 0 0 0 0 1 0 0 1 0 0 1 0 0 1 1 0 0 1 0 0 0 0 1 0 0 1 0 1 0 0 1 0 1 0 0 0 0 0 0 1 1 0 0 0 0 
0 0 0 1 0 0 1 1 1 0 1 0 0 1 0 0 1 1 0 1 0 0 0 1 0 0 0 1 1 0 0 0 0 0 0 1 0 0 1 1 0 0 0 0 0 0 0 0 0 1 0 0 1 0 0 0 0 1 0 0 1 0 0 0 1 1 0 0 1 0 1 1 1 0 1 0 1 0 0 1 0 0 0 0 1 0 1 0 0 1 1 0 1 0 0 0 0 0 1 1 0 1 0 0 1 0 0 0 1 1 1 0 0 0 0 1 1 1 1 0 0 0 1 0 0 0 1 0 1 0 1 1 1 1 1 0 1 0 0 0 1 0 0 0 1 1 1 0 0 0 0 0 0 1 0 1 0 0 0 0 1 1 1 1 1 0 0 1 0 0 1 0 0 0 1 0 1 1 0 0 1 0 0 1 
0 1 0 0 0 1 1 1 1 0 1 1 0 0 0 0 0 0 0 0 1 1 1 1 1 1 1 1 1 1 0 1 0 0 0 0 0 1 0 0 0 1 1 0 0 1 1 0 1 1 1 1 0 0 1 0 0 1 0 0 0 1 1 0 1 0 0 0 0 1 1 1 1 1 1 1 0 1 0 0 0 0 1 1 1 0 0 1 0 1 0 0 0 1 1 0 0 0 1 1 1 0 1 1 0 1 0 1 0 1 1 0 1 0 1 1 0 0 1 0 0 1 1 1 0 1 0 1 1 0 1 0 1 1 1 0 0 1 0 0 0 0 0 1 1 1 0 0 1 0 1 0 0 1 1 0 0 1 1 1 0 0 0 0 0 1 1 0 0 1 0 0 0 1 0 1 0 1 0 0 1 0 0 0 
0 0 1 0 0 0 0 0 1 1 1 1 1 0 0 1 1 0 1 0 0 0 1 0 0 1 1 0 0 1 0 1 0 0 0 0 0 0 1 1 0 0 0 0 0 1 1 0 1 0 0 0 0 0 0 1 0 0 0 1 1 0 0 1 0 0 1 0 0 0 0 0 0 1 1 0 0 0 0 1 0 1 0 0 0 0 0 0 0 1 1 1 0 1 0 0 1 0 1 1 1 1 0 0 1 0 1 0 0 0 0 0 1 1 0 0 0 1 0 0 0 0 1 1 1 0 1 1 0 0 0 1 0 1 1 0 0 1 0 0 0 0 0 1 1 0 0 0 0 0 0 1 0 1 0 1 0 0 0 1 1 0 0 0 1 0 1 1 1 0 1 0 1 0 1 1 0 0 0 1 0 0 1 0 
0 0 0 1 1 1 1 0 0 1 0 0 1 1 0 0 0 0 0 1 0 0 0 0 0 0 0 1 0 1 0 1 0 1 1 1 0 0 0 0 0 1 0 0 0 0 0 0 0 1 1 0 0 0 0 1 1 0 1 1 0 0 0 0 1 1 0 1 0 1 0 1 1 1 1 1 0 0 1 0 1 0 0 1 0 0 1 1 0 0 1 0 0 0 0 1 1 1 1 0 0 0 0 0 1 1 0 0 0 0 0 1 0 1 1 1 1 0 0 0 1 1 0 0 0 1 0 1 0 1 0 0 0 0 1 1 1 0 0 0 1 0 0 1 0 0 0 1 1 0 1 1 0 0 0 0 1 1 0 1 0 0 0 1 0 1 1 0 0 0 1 1 0 1 0 1 1 1 0 0 1 1 1 1 
1 1 0 0 0 0 0 0 1 0 1 0 1 0 0 0 0 0 1 0 0 1 1 0 1 0 0 1 0 1 1 0 0 0 1 0 0 0 0 0 0 0 1 1 1 0 0 1 0 1 1 0 0 1 0 1 0 0 0 0 0 0 0 1 0 0 1 1 0 0 0 0 0 1 0 0 0 1 0 0 1 0 0 0 1 1 0 1 0 0 0 1 0 0 1 0 1 1 0 0 1 0 0 1 1 0 1 1 1 1 1 0 1 0 0 1 0 0 1 0 1 0 0 0 1 0 1 0 0 0 1 1 1 1 0 1 0 1 1 0 0 1 1 1 0 0 0 1 0 1 0 1 0 0 0 1 1 0 0 1 0 1 1 0 0 1 1 0 1 0 1 1 1 0 1 1 1 1 1 0 0 0 1 0 
1 1 0 0 1 1 0 0 1 0 1 0 0 0 0 1 1 0 0 1 0 0 0 0 0 1 0 1 1 1 0 0 1 1 1 1 0 1 0 1 0 0 1 0 1 0 1 1 0 0 0 1 0 0 1 1 0 0 1 0 0 0 1 0 0 0 1 0 0 0 0 1 1 0 1 1 1 0 1 0 1 0 1 0 0 0 0 0 1 0 1 0 1 1 0 1 0 0 1 1 0 0 0 0 0 1 1 0 1 0 1 0 1 1 0 0 1 1 0 1 1 1 0 0 0 1 0 1 0 0 0 0 0 0 0 0 0 1 0 0 0 0 0 0 0 0 1 1 0 1 0 1 1 1 1 1 0 1 0 1 1 0 1 1 1 1 0 1 1 1 0 1 0 1 0 1 1 0 1 0 1 0 0 0 
0 0 0 0 0 0 0 0 1 1 1 0 1 1 0 1 0 1 0 0 0 0 0 1 1 0 1 1 0 0 0 0 0 0 0 0 0 0 1 0 0 0 0 1 0 0 0 1 0 0 1 0 0 1 1 0 0 0 0 0 0 0 0 0 1 0 0 0 1 0 0 0 0 1 1 1 1 0 0 0 1 1 0 1 1 0 1 1 0 0 1 0 1 0 0 0 1 0 0 0 1 0 0 0 1 1 0 0 1 0 0 1 1 0 1 0 1 0 0 1 1 0 1 0 0 0 1 1 0 0 1 1 1 0 0 1 1 0 0 1 0 0 0 0 0 1 1 0 0 1 1 0 0 1 0 0 0 0 1 1 0 1 1 0 0 0 1 1 0 0 1 0 0 1 1 1 1 0 1 1 0 0 0 0 
1 0 0 1 0 0 0 1 0 0 1 1 0 1 0 0 0 0 1 0 1 0 1 0 1 0 0 0 0 0 0 1 1 0 0 0 1 0 0 1 1 1 1 1 1 0 0 1 1 1 1 0 1 1 0 1 0 0 0 1 0 1 0 1 0 0 1 0 0 0 1 0 0 0 1 0 1 1 0 1 1 0 1 0 1 1 0 0 0 0 1 0 1 0 0 1 0 0 0 1 1 0 1 0 1 0 1 0 1 1 1 1 0 0 1 0 0 1 0 0 0 0 0 0 1 0 0 0 1 0 0 1 1 1 0 1 0 1 0 1 0 1 0 0 0 1 0 1 0 0 1 0 0 0 0 0 0 1 0 0 1 0 1 0 0 0 0 0 1 0 1 1 0 1 0 1 0 0 0 0 0 1 0 1 
0 0 0 0 1 0 0 0 1 0 0 1 0 0 1 0 0 1 0 0 0 1 1 0 0 0 0 0 0 0 1 0 0 0 0 1 1 1 0 1 0 0 0 0 1 1 0 0 1 1 1 0 1 1 1 1 0 0 0 1 0 1 1 0 0 0 0 0 1 1 1 0 1 0 1 0 1 0 1 0 0 1 0 0 1 0 0 1 1 1 1 0 1 0 0 0 0 0 0 1 1 0 0 0 0 1 1 0 1 0 1 0 1 0 1 0 1 0 0 1 1 0 0 0 0 0 0 0 1 1 1 1 1 0 1 0 1 0 0 0 0 0 1 0 0 0 0 0 0 0 0 1 1 1 1 0 1 0 1 1 0 1 0 1 1 0 1 0 0 0 0 1 1 0 1 0 0 0 1 1 0 1 1 0 
1 1 0 0 1 0 0 1 1 0 0 0 0 0 0 1 0 0 0 0 1 0 1 0 0 1 1 0 0 0 0 1 0 0 0 1 0 0 0 0 1 0 0 1 1 1 0 0 1 1 0 1 0 0 1 0 0 0 1 0 0 1 1 0 0 1 1 1 0 0 0 1 0 0 1 1 1 1 0 1 1 1 0 1 1 1 1 1 1 0 1 0 1 1 0 0 1 1 0 1 0 1 1 1 0 1 1 0 0 0 0 1 0 0 1 1 1 1 0 1 1 0 0 1 1 0 0 0 0 1 0 1 0 0 0 0 1 0 1 1 0 1 0 0 0 0 0 1 1 0 1 0 1 0 1 0 0 0 0 1 1 1 1 0 1 0 1 0 1 1 1 0 0 0 1 0 1 0 1 0 0 0 0 0 
0 0 1 0 0 0 0 1 1 0 1 0 0 0 0 0 0 1 0 0 0 0 0 0 0 0 0 0 1 1 1 0 0 0 1 1 0 0 0 1 1 0 1 1 0 0 0 1 1 1 1 0 0 1 1 1 0 1 1 1 0 1 0 1 1 0 0 0 0 1 1 1 1 1 1 1 0 0 0 0 0 0 1 0 0 0 0 0 0 1 1 1 1 0 1 1 1 0 1 0 1 1 1 0 1 0 0 0 0 0 1 1 1 0 1 1 0 0 0 0 1 1 0 1 1 1 0 0 1 0 0 0 0 0 1 0 0 0 0 0 0 0 0 0 1 1 0 0 0 0 0 0 0 0 0 0 0 1 0 1 0 1 0 0 1 0 1 1 0 1 0 0 0 0 1 0 1 0 0 0 0 0 0 0 
0 0 1 0 0 0 0 0 1 1 0 1 0 0 0 0 1 0 0 0 1 0 0 1 0 0 1 0 0 1 0 0 0 0 0 1 0 1 0 0 1 0 0 0 1 0 0 0 0 0 0 0 1 0 0 1 1 0 1 0 1 0 0 0 1 1 1 1 1 0 1 0 0 1 0 0 1 0 0 0 1 0 0 1 1 0 1 1 0 0 1 0 0 0 0 0 1 0 0 0 0 1 0 0 1 0 0 0 0 0 0 1 1 0 0 1 1 1 0 0 0 0 1 0 1 0 1 0 0 0 0 0 0 0 1 0 1 0 1 0 1 0 0 1 0 0 0 1 0 1 0 0 0 0 1 0 0 0 1 0 1 0 0 1 0 1 1 0 0 1 0 0 1 0 0 1 0 0 1 0 0 0 0 0 
1 1 0 0 0 0 0 0 1 1 1 1 0 1 0 0 0 1 1 1 0 1 0 1 1 1 1 0 0 0 0 0 1 0 0 0 1 0 0 0 0 0 0 0 1 0 0 0 1 1 0 0 0 1 0 0 0 0 1 0 0 0 1 0 0 0 0 1 1 0 0 0 1 1 1 0 0 1 1 0 0 1 1 1 1 0 0 1 0 0 1 0 1 0 1 0 0 1 0 0 1 1 0 0 1 0 0 0 0 0 0 0 0 1 0 0 1 0 0 1 0 0 0 1 1 1 0 0 1 1 0 0 1 1 0 1 0 0 0 1 0 1 0 1 1 0 0 0 0 1 1 1 1 0 1 0 1 0 1 0 0 0 0 0 0 0 0 0 1 0 0 1 0 0 0 1 1 0 0 0 0 1 1 1 
1 0 1 0 1 1 1 0 0 0 0 1 0 1 0 0 1 0 0 1 1 1 0 1 0 0 1 0 0 1 0 0 1 1 1 0 0 1 0 0 0 1 0 1 1 0 0 0 0 0 1 0 1 0 0 0 1 1 0 1 0 1 0 0 0 0 0 1 1 1 0 0 0 0 0 0 1 1 1 1 1 0 1 0 1 0 0 0 0 0 0 0 0 1 1 0 0 0 1 0 1 0 1 0 1 0 1 0 1 0 0 0 0 0 1 0 0 0 0 0 1 0 0 0 0 1 1 1 0 0 1 1 0 1 1 1 0 0 1 0 1 0 0 0 1 0 0 1 1 1 1 0 1 0 1 0 0 0 1 0 1 0 0 0 1 0 0 0 1 1 0 1 1 1 1 1 1 0 0 1 1 0 0 1 
1 0 0 1 1 0 0 0 0 0 0 0 0 0 0 0 1 0 1 0 1 0 0 1 1 0 1 1 0 0 1 1 1 1 1 0 1 0 0 0 0 0 0 1 1 0 1 0 1 1 1 0 0 0 0 0 0 0 0 1 0 1 0 0 0 0 0 0 1 1 0 1 1 0 0 0 1 1 1 1 1 0 0 1 1 0 1 1 0 0 0 1 0 0 1 0 0 1 0 0 0 1 0 1 1 0 0 0 0 0 1 0 0 0 1 0 1 1 0 0 1 1 0 0 1 0 0 0 0 0 0 1 1 0 0 1 0 0 1 0 1 0 0 0 0 1 0 1 0 0 0 1 0 0 1 1 0 1 1 0 0 0 1 0 0 0 0 0 0 1 0 0 0 0 0 1 0 0 0 0 0 1 0 1 
0 1 0 0 0 0 0 0 1 0 0 0 0 0 0 0 0 0 0 1 0 1 1 1 0 1 0 0 1 1 0 0 0 0 0 1 1 0 0 0 1 0 1 0 0 1 0 0 0 0 0 0 0 1 0 0 1 0 0 1 0 1 1 1 1 0 0 1 0 1 0 1 0 1 0 1 0 0 1 1 1 0 0 1 0 0 0 1 0 1 0 0 0 1 0 0 1 0 0 0 0 1 0 0 0 0 1 0 0 1 1 0 1 0 0 1 0 0 1 0 1 0 1 1 0 0 0 0 1 1 1 1 0 0 0 1 1 1 0 1 1 1 0 0 1 0 0 0 0 0 1 0 0 1 0 0 0 1 1 1 1 0 1 0 0 0 0 1 0 0 0 0 0 0 0 0 0 0 1 1 1 0 1 1 
0 1 0 0 0 1 1 1 0 0 0 0 1 0 0 1 1 0 0 1 0 1 0 0 1 1 0 0 0 0 0 0 0 0 0 0 1 0 0 0 0 0 1 1 1 1 0 0 0 1 0 0 1 0 0 0 0 0 0 1 0 1 1 0 1 0 0 1 1 0 0 0 0 1 0 1 0 0 0 0 1 0 1 0 0 1 0 0 0 0 0 0 0 1 1 0 0 1 0 1 0 0 1 0 0 0 0 0 0 0 1 0 1 0 0 1 0 1 1 0 0 0 0 0 1 1 1 1 0 0 1 0 0 0 0 0 0 0 0 0 1 0 1 1 0 0 0 0 1 1 0 1 0 0 1 0 0 0 0 0 1 0 0 1 0 0 0 1 0 0 0 0 1 0 0 0 1 0 0 1 0 0 1 0 
0 0 0 0 1 0 1 0 1 0 0 1 0 0 0 0 1 1 1 1 1 0 0 0 0 1 1 1 1 1 1 1 1 1 0 0 1 0 1 1 0 1 0 1 0 0 0 0 1 0 1 0 0 0 0 0 0 1 0 0 0 1 1 1 0 1 1 1 0 1 1 0 0 1 1 1 1 1 1 1 1 1 0 0 0 0 0 0 1 1 1 0 1 1 1 0 1 0 1 0 1 1 0 0 0 1 0 0 0 1 0 1 0 0 0 1 0 1 1 1 0 0 0 1 0 0 1 0 0 0 0 1 1 1 1 0 0 1 1 1 1 0 0 1 0 1 0 0 0 1 1 0 0 0 0 0 0 0 0 0 0 0 1 0 0 1 0 0 0 1 1 0 0 1 0 0 0 0 0 0 1 1 1 1 
0 1 1 0 0 0 0 0 0 1 1 0 1 0 1 1 0 1 0 0 0 0 1 0 1 0 1 0 1 0 0 1 0 1 0 0 1 0 1 0 1 0 0 0 0 0 0 0 1 0 1 0 0 0 0 1 0 0 0 1 0 1 0 0 0 0 1 0 0 1 0 0 0 1 1 0 0 0 0 1 1 1 1 1 0 1 0 0 0 0 1 0 0 0 0 0 0 0 1 1 0 1 0 0 0 0 1 0 1 0 0 1 1 1 0 1 1 1 1 0 1 1 1 1 0 1 0 0 0 1 0 1 0 0 0 1 0 0 0 1 1 1 1 0 1 0 1 0 1 1 0 0 0 1 1 0 1 1 0 0 1 1 1 0 1 0 0 0 0 0 1 0 0 0 0 0 1 0 1 0 0 1 0 1 
1 1 0 1 1 1 0 1 0 1 0 0 0 0 0 0 0 0 1 1 0 1 0 0 0 1 0 1 0 1 1 0 0 1 0 0 0 0 0 0 1 0 0 1 1 0 0 0 0 0 1 0 1 0 1 1 1 1 0 1 1 0 0 1 0 0 1 1 0 0 0 0 0 1 1 1 0 1 0 1 0 1 1 0 0 1 1 0 0 1 0 0 0 1 0 0 1 1 1 1 0 0 1 1 0 1 1 0 1 0 0 0 1 1 1 1 1 0 0 0 0 0 0 0 0 0 0 0 1 0 1 0 0 1 0 0 1 0 0 1 0 1 0 1 0 1 0 1 0 0 0 0 0 0 0 1 1 1 0 0 0 0 1 1 1 0 1 0 0 1 0 0 1 1 0 1 0 0 1 0 1 0 0 1 
1 1 0 1 1 1 1 1 0 0 0 1 0 0 1 0 0 0 0 0 0 0 0 1 0 0 0 0 1 0 0 0 0 0 0 0 0 1 1 1 1 0 0 0 0 0 1 0 0 1 1 0 0 1 1 1 1 1 1 0 1 0 0 0 0 1 0 0 0 0 1 1 1 0 0 1 0 0 0 1 0 0 0 1 0 1 0 0 1 1 0 0 1 1 0 0 0 0 1 0 0 0 0 0 0 1 0 0 0 0 0 1 0 1 1 0 1 1 0 0 0 0 0 0 1 0 1 0 0 0 0 0 0 0 0 1 1 0 0 0 1 0 0 1 1 0 0 1 1 0 0 0 1 0 0 0 0 1 0 1 0 0 1 1 0 0 0 1 0 0 1 0 0 0 1 0 1 0 1 1 0 1 1 0 
0 0 1 0 0 1 0 1 0 0 1 1 1 0 0 0 0 0 1 1 1 1 0 1 1 1 1 1 0 0 0 1 0 1 1 0 0 0 0 1 0 1 0 0 0 0 1 1 0 0 0 1 1 0 0 0 0 1 0 0 0 0 0 0 0 0 1 1 0 0 1 1 0 0 0 0 1 0 0 0 0 0 0 1 0 0 1 0 0 0 0 0 1 0 0 1 0 1 0 1 1 0 0 0 1 0 1 1 0 0 1 1 0 1 1 0 1 1 0 1 0 0 1 0 0 0 1 1 0 0 0 1 1 0 0 1 0 0 0 0 0 0 0 0 1 0 1 1 1 1 0 1 0 1 0 1 0 0 1 0 1 1 0 0 0 1 0 0 1 0 0 0 0 1 0 0 1 1 1 0 0 0 1 1 
1 0 1 0 0 0 0 1 0 0 1 0 1 0 0 1 0 0 0 1 1 1 1 0 0 1 0 0 0 0 0 1 0 1 0 1 0 0 0 1 1 1 0 0 1 0 0 1 0 0 0 0 0 1 0 0 1 0 1 0 1 0 1 1 1 0 0 1 0 0 0 1 0 0 0 1 0 1 0 0 0 1 1 0 1 0 1 0 0 1 0 1 1 1 0 1 0 0 1 1 1 1 1 1 1 1 1 1 0 0 1 1 1 1 1 1 0 0 0 0 0 0 1 0 1 0 1 1 0 0 1 1 1 1 1 1 0 1 0 0 0 0 1 1 0 0 1 1 1 1 1 0 0 1 1 0 0 0 0 1 0 1 0 1 1 0 1 0 0 0 1 0 1 1 0 0 1 0 0 0 1 0 0 0 
1 1 1 1 1 1 1 0 1 0 0 1 1 0 1 0 1 1 1 0 1 0 0 0 1 1 0 0 1 1 0 0 0 1 1 1 1 0 0 1 1 0 0 1 0 1 1 0 1 1 0 0 1 0 0 1 0 1 1 1 1 0 1 1 0 1 0 0 0 1 1 1 0 0 0 0 1 0 1 1 0 0 1 0 1 1 0 0 0 1 0 0 0 0 0 0 1 1 0 0 0 0 1 1 0 0 0 0 0 0 1 0 1 0 1 0 1 1 1 0 1 0 1 1 0 0 1 0 0 0 0 1 1 0 1 1 1 0 0 1 0 0 0 1 0 0 0 1 0 1 1 0 0 0 1 0 1 1 0 0 1 1 0 1 1 0 0 0 0 0 0 0 1 0 0 0 1 1 1 0 1 0 0 0 
0 0 0 0 1 0 1 1 0 0 0 1 0 0 1 0 0 1 0 1 0 0 0 0 0 1 1 1 1 0 1 0 1 0 0 0 0 1 0 1 1 0 0 0 1 0 1 1 1 0 1 1 1 0 1 1 0 0 1 0 0 0 0 0 1 1 0 1 1 0 0 0 0 1 0 0 0 0 1 1 0 0 0 0 1 0 1 1 0 0 0 1 1 0 1 1 0 0 0 0 0 0 1 0 0 0 1 1 1 1 0 1 0 1 0 0 0 0 1 1 0 1 1 1 1 1 0 0 0 0 1 1 0 0 1 0 1 0 1 0 1 0 1 0 0 0 0 0 0 1 0 1 1 0 0 0 0 0 0 0 0 0 0 1 1 1 1 1 1 0 1 1 1 0 1 1 0 1 1 1 0 1 0 0 
0 1 0 1 1 1 0 1 1 0 0 1 1 1 0 1 0 1 0 0 0 0 1 0 1 0 0 0 1 0 1 0 0 1 1 0 1 0 0 0 0 1 1 0 0 1 1 0 0 1 0 1 1 1 0 1 0 1 1 0 1 1 0 0 0 1 1 0 1 1 0 0 0 0 0 0 1 1 0 0 1 1 1 0 1 0 0 0 0 0 0 1 1 1 0 0 1 0 0 0 1 1 1 0 1 0 0 0 0 1 0 0 0 1 0 0 1 1 0 1 1 0 1 1 1 0 0 1 1 0 0 0 0 0 0 0 1 0 0 1 0 0 0 0 0 1 0 0 0 1 0 0 0 1 1 0 1 1 0 0 1 1 0 1 0 0 1 0 0 0 0 1 1 0 0 0 0 0 0 0 1 1 0 1 
0 1 1 0 1 0 1 1 0 1 0 1 0 1 0 0 1 0 0 1 0 0 0 0 1 1 1 0 0 0 0 1 1 0 0 0 0 0 1 0 1 1 0 0 1 1 1 1 0 0 1 0 1 1 1 0 1 0 0 0 0 0 0 0 1 1 0 0 1 1 1 1 1 0 0 0 0 1 0 0 1 0 0 0 0 1 0 0 1 1 1 0 1 0 1 1 0 1 1 1 0 1 0 1 0 0 1 0 0 1 1 1 1 0 0 1 0 0 0 0 0 1 0 0 0 0 0 0 0 1 0 0 1 0 0 1 1 1 0 0 0 1 1 1 0 0 1 1 1 0 1 0 0 0 0 1 1 1 0 0 0 1 1 1 1 1 0 0 0 1 0 1 0 1 0 0 0 1 1 0 1 1 0 1 
1 1 1 0 0 1 1 0 0 0 0 0 1 0 1 0 1 0 0 1 0 0 0 0 0 1 0 1 0 1 1 1 1 0 1 0 0 0 0 1 1 0 0 0 1 1 0 1 1 0 0 0 1 1 0 1 1 0 1 0 0 1 0 1 0 1 1 0 1 0 0 0 0 1 0 1 0 1 1 0 1 0 0 1 0 1 0 0 0 0 0 1 0 1 0 1 1 1 0 0 0 0 0 0 1 0 1 0 0 0 0 0 0 0 0 0 1 0 0 0 1 0 0 0 1 1 0 1 0 0 0 1 1 1 0 0 0 1 0 0 0 0 0 0 0 0 0 0 0 1 0 0 1 0 1 0 0 0 0 1 0 0 1 0 0 0 1 1 0 0 1 1 0 0 0 1 0 0 0 1 0 0 1 0 
1 0 1 1 0 1 0 0 0 0 1 1 1 0 0 1 1 1 0 0 1 1 0 0 0 1 0 0 0 0 0 1 0 0 0 0 1 0 0 0 0 0 0 0 0 1 1 0 1 0 0 0 1 0 0 0 0 0 0 0 0 0 0 1 1 0 0 1 1 1 0 0 1 0 1 1 1 1 1 1 0 0 0 1 0 1 1 1 0 1 0 0 1 1 0 1 1 0 0 0 0 0 1 0 1 0 0 0 1 1 0 0 0 0 1 1 0 1 0 0 0 0 0 0 1 0 1 1 0 0 1 1 1 1 0 0 1 1 1 0 1 0 1 1 1 0 0 0 1 1 1 1 0 0 0 0 1 0 0 1 0 1 0 0 1 1 0 1 1 1 1 0 0 0 0 0 1 0 1 1 1 0 0 0 
0 0 0 0 0 1 0 0 1 0 0 1 0 1 0 1 0 0 1 0 1 0 1 0 0 1 1 0 0 0 0 1 0 1 1 0 1 0 1 0 0 1 0 0 1 1 1 0 0 1 1 1 1 0 1 0 0 1 0 0 1 1 0 0 1 1 1 0 0 1 1 0 1 0 0 1 0 1 0 0 1 1 1 1 1 0 0 0 0 1 0 0 0 0 1 0 0 0 0 0 0 0 1 0 0 0 0 0 0 0 1 0 1 0 0 1 0 0 0 0 1 1 0 1 1 0 1 0 1 0 0 1 0 0 0 1 1 1 1 0 0 1 0 0 0 1 0 0 0 1 1 1 0 1 0 1 0 0 0 1 0 1 1 0 0 0 1 1 1 1 1 0 0 0 1 1 0 1 1 0 1 0 0 0 
0 0 0 0 0 0 0 0 0 0 0 1 1 0 0 1 0 0 0 0 1 1 0 1 0 1 0 0 0 0 1 1 0 1 1 0 0 0 1 0 1 1 1 1 1 0 0 1 0 0 1 1 1 0 1 1 0 1 1 1 0 1 0 0 0 0 0 0 1 1 1 1 0 1 0 0 0 1 0 1 0 0 0 1 0 1 1 1 0 0 0 0 1 1 0 0 0 0 0 0 0 0 0 0 0 1 0 1 0 1 1 1 0 0 1 0 1 0 0 0 1 0 0 0 1 0 0 0 0 1 0 1 0 1 1 1 0 0 1 0 0 0 0 0 0 1 1 0 1 0 0 1 1 0 0 1 1 1 1 1 0 0 1 1 0 0 0 0 1 0 0 1 1 1 0 0 0 0 1 1 1 1 1 1 
0 0 0 0 0 0 0 1 0 0 1 1 0 0 1 0 1 1 1 1 1 1 0 1 0 0 1 1 1 1 1 0 0 0 0 0 0 0 1 1 0 1 0 0 0 0 0 1 0 1 0 1 1 0 0 0 1 1 1 1 0 0 1 1 0 0 0 1 1 1 0 0 1 1 1 0 1 0 0 0 0 1 1 1 0 1 0 0 1 0 0 0 0 0 1 0 1 0 1 0 1 1 1 0 1 0 0 0 0 0 0 0 1 1 0 0 1 0 0 0 1 0 0 0 1 1 0 1 1 1 0 0 0 0 0 1 1 1 0 1 1 0 0 0 0 0 1 1 0 0 0 0 0 0 0 0 1 0 1 1 0 0 0 0 0 0 1 0 1 0 0 0 1 0 1 0 0 1 0 0 0 0 0 0 
0 0 0 0 0 0 1 0 0 0 0 0 1 0 0 0 1 0 0 0 0 1 0 1 1 1 0 0 0 1 1 1 1 1 1 0 0 0 1 0 1 0 1 0 0 0 1 0 1 0 0 0 0 1 1 0 0 0 0 1 0 0 1 0 1 0 1 0 0 0 0 0 1 1 0 0 0 1 0 1 0 1 0 1 0 1 0 0 0 1 1 0 0 1 1 1 0 0 0 1 1 1 0 0 1 0 0 0 0 0 1 0 1 0 0 0 0 0 1 0 0 0 0 0 0 0 0 0 1 0 0 0 0 0 0 1 0 0 1 1 0 0 1 0 1 0 0 0 0 1 0 0 0 0 0 0 1 1 1 1 0 0 0 0 0 0 0 1 0 0 1 0 0 1 1 0 0 0 1 1 1 0 0 1 
1 0 1 0 1 1 1 0 1 1 1 1 1 1 0 0 0 0 0 0 1 0 0 0 0 0 0 1 1 0 0 1 0 0 1 0 0 0 0 0 1 0 0 1 1 0 0 1 0 0 1 1 0 1 1 1 0 0 0 1 1 1 0 1 0 0 1 0 0 0 1 1 0 1 0 0 1 0 0 0 1 0 1 0 0 1 1 1 1 0 1 1 0 1 0 0 0 0 0 0 1 0 1 0 1 0 1 0 1 0 1 0 1 1 0 0 0 1 0 0 0 1 0 0 1 0 0 1 0 0 0 0 1 0 1 0 0 0 0 1 1 0 0 0 0 0 0 1 0 1 0 1 0 1 1 0 0 1 0 0 1 1 1 0 0 0 0 1 0 0 0 1 1 1 1 1 1 1 1 0 0 0 1 1 
0 1 1 1 1 1 0 0 0 0 0 0 0 0 0 1 0 1 1 1 0 0 0 0 1 0 0 0 0 0 0 1 1 0 0 0 0 0 0 1 0 0 0 0 0 1 0 1 0 1 0 0 0 0 1 0 1 0 0 1 1 1 0 0 0 1 1 1 0 0 0 0 0 0 0 0 0 0 0 0 0 0 1 0 1 1 0 1 0 0 1 0 1 0 1 0 1 1 1 0 0 1 0 1 0 0 0 1 1 1 1 0 0 0 0 1 1 0 0 1 0 0 0 0 1 1 0 1 0 1 0 0 0 1 0 0 0 1 0 0 1 0 0 1 1 0 0 0 1 0 1 0 1 0 0 1 1 0 1 0 0 0 1 1 0 0 1 0 1 0 0 1 1 1 0 0 0 1 0 0 0 1 1 1 
1 0 0 0 0 0 1 1 1 0 1 0 0 1 1 1 0 1 0 1 1 1 1 0 0 0 1 1 1 1 0 1 1 1 0 0 0 0 0 1 1 1 1 1 0 0 1 0 0 0 1 0 0 0 1 1 1 1 0 1 0 0 1 1 1 0 0 1 1 1 0 1 0 1 0 1 0 0 1 0 0 0 0 0 0 0 1 1 1 0 0 0 1 0 1 1 1 0 0 1 0 1 0 1 1 1 0 1 1 0 1 0 0 0 0 0 1 1 0 0 1 0 0 0 1 0 1 1 1 0 0 1 0 0 0 1 0 0 0 0 1 0 0 0 1 0 1 0 0 0 0 0 0 0 0 1 1 1 0 0 1 0 1 0 0 1 0 0 0 0 0 1 0 0 0 0 0 0 1 0 0 0 0 0 
1 1 0 0 1 0 0 1 0 0 0 0 1 0 1 0 0 0 0 1 0 0 1 1 1 1 0 0 1 0 1 0 0 0 0 1 0 0 0 1 1 0 0 0 1 1 0 0 0 0 0 0 1 1 1 0 0 0 1 1 1 0 1 1 0 1 1 1 0 1 0 1 0 0 0 0 1 0 1 1 0 0 0 1 0 0 0 0 1 1 1 0 0 0 1 1 0 1 0 0 0 1 0 0 0 0 0 0 0 0 0 0 1 0 1 0 0 1 0 1 0 1 0 1 1 0 1 1 1 0 1 0 1 0 1 1 1 0 1 0 1 0 0 1 1 0 0 1 1 0 1 0 1 1 0 0 1 0 1 0 1 0 0 0 0 1 0 1 0 0 0 1 1 1 0 0 1 1 1 0 0 0 1 1 
0 1 0 0 1 0 1 0 1 0 0 0 1 0 1 1 1 1 0 0 0 1 0 1 1 0 0 1 0 0 0 0 0 1 0 0 1 0 1 0 0 0 1 0 1 1 0 1 0 0 1 1 0 0 0 0 0 1 1 0 0 0 1 1 1 1 0 0 1 1 0 0 1 0 1 0 0 0 0 1 0 1 0 0 0 1 0 1 0 0 1 0 1 0 0 0 1 0 0 0 0 0 0 0 0 0 0 1 1 0 0 0 0 1 0 0 0 0 0 1 0 0 1 0 0 1 1 0 0 0 0 0 0 0 0 1 0 1 0 0 1 0 1 1 0 0 0 0 0 1 1 1 0 0 1 0 0 1 0 0 0 0 1 0 0 0 1 0 1 0 0 1 0 0 0 1 0 1 0 0 1 0 0 0 
1 0 0 0 0 0 0 0 1 1 1 0 1 0 0 1 0 0 0 0 0 0 0 0 0 0 1 1 0 0 0 1 1 0 0 1 1 0 0 1 0 0 0 1 0 0 1 0 0 0 0 0 0 1 0 0 1 0 0 1 0 1 0 0 0 0 1 0 1 0 0 0 1 0 1 0 0 1 0 0 1 0 0 0 0 0 0 1 0 0 0 0 0 0 0 1 0 0 1 0 1 1 0 0 0 1 1 0 0 1 0 0 1 1 1 0 0 0 1 0 1 0 0 0 0 0 1 1 0 0 0 1 1 1 1 0 0 0 0 0 0 0 0 0 0 1 0 0 0 1 0 1 1 0 0 1 0 0 1 0 0 1 0 0 0 0 0 0 0 0 1 1 0 1 0 0 0 0 0 0 1 0 0 1 
0 0 0 1 0 1 0 0 1 0 0 0 0 1 0 0 1 1 0 0 0 1 0 0 0 0 0 1 0 0 1 0 0 0 1 1 1 1 0 1 1 0 1 0 0 0 0 0 0 0 1 1 0 0 1 0 1 1 0 0 0 0 0 1 1 0 0 0 1 1 0 0 1 0 0 0 0 0 0 1 0 1 1 1 0 0 1 0 1 1 1 1 1 1 0 0 0 0 0 0 0 0 0 0 0 0 1 0 0 1 1 0 0 0 0 1 0 0 1 0 0 0 0 0 1 0 1 1 0 1 0 1 0 0 1 0 0 0 0 1 1 1 0 1 0 0 1 0 0 0 0 0 0 1 1 0 1 1 0 0 0 1 0 1 1 0 0 0 1 0 0 0 0 0 0 0 1 0 0 1 0 1 0 1 
0 0 0 0 0 1 0 0 1 0 1 0 0 0 1 0 0 0 0 1 0 0 0 1 0 0 0 1 0 0 1 1 1 0 1 1 0 0 1 1 0 0 1 1 0 1 1 0 0 1 0 0 0 1 0 0 0 1 0 1 1 0 0 1 1 0 1 0 0 0 0 1 0 0 0 1 1 0 0 1 0 0 0 1 1 0 1 0 1 1 1 0 0 1 0 0 1 0 0 1 1 0 0 0 0 0 0 0 1 1 1 0 0 0 0 1 0 1 0 1 0 1 0 1 0 0 0 0 1 0 1 0 0 0 0 0 0 0 0 0 1 1 1 1 0 1 1 0 1 1 0 0 0 1 1 1 1 0 1 0 0 0 1 0 0 1 0 0 0 0 0 0 0 0 1 1 0 1 1 0 0 0 0 1 
0 1 0 0 0 0 1 0 0 0 1 0 0 0 1 0 0 0 0 1 1 0 0 0 0 1 0 1 0 0 1 0 0 0 1 1 1 0 0 1 0 1 0 0 0 1 1 0 1 1 0 1 0 1 1 1 0 0 0 0 0 1 1 1 1 0 1 0 0 0 1 1 1 1 1 0 0 1 0 0 1 0 1 0 0 0 0 0 1 1 0 0 0 0 0 1 1 0 0 1 0 1 1 0 1 1 1 1 0 0 0 1 0 0 0 1 0 1 0 0 0 0 1 0 1 1 0 0 1 0 1 0 0 0 0 1 0 0 1 1 0 0 1 1 0 1 0 0 1 1 1 1 1 1 0 0 0 1 0 0 0 1 0 0 0 0 1 0 1 0 0 0 0 0 0 0 0 0 1 1 0 1 1 1 
0 1 1 1 0 1 0 1 0 0 0 1 0 0 1 0 0 0 0 0 0 0 1 0 1 0 0 0 0 1 1 0 0 1 0 1 0 0 0 0 0 0 0 0 1 0 0 1 0 0 1 0 0 1 1 0 0 0 0 0 0 0 0 1 0 1 0 0 0 1 1 0 0 0 0 0 1 0 0 1 1 0 0 0 0 0 0 0 0 0 1 0 0 0 1 1 1 0 1 0 0 0 1 0 0 1 1 1 0 1 1 0 1 0 1 1 1 0 0 0 0 1 0 1 1 0 0 1 1 0 0 0 1 0 1 0 1 0 1 0 0 0 0 0 1 0 1 0 1 0 0 0 1 1 1 0 0 0 0 0 0 0 1 1 1 0 1 0 0 1 1 1 1 1 0 0 1 0 0 0 0 0 1 0 
0 0 0 1 0 0 1 1 1 0 0 0 0 0 0 0 1 1 1 1 1 0 1 1 0 0 1 1 0 0 0 1 1 0 0 0 0 0 0 1 1 1 1 1 0 0 1 0 1 0 1 0 0 1 1 1 0 1 0 0 0 1 0 1 1 0 1 1 0 0 1 1 0 0 0 1 0 1 0 0 0 0 1 0 0 1 0 0 0 1 1 0 0 0 0 0 0 1 1 0 0 1 0 0 0 0 1 1 0 0 0 1 1 0 1 0 1 0 0 0 0 0 1 1 0 1 1 0 1 0 1 0 1 0 0 0 0 0 0 0 1 0 0 1 0 0 1 0 1 0 0 0 0 1 0 1 0 1 0 0 0 1 0 0 1 0 0 1 1 1 0 0 1 1 0 0 0 0 0 1 1 0 0 0 
0 1 0 1 0 1 1 0 1 0 1 1 0 0 1 1 0 1 0 1 0 1 0 0 1 0 1 0 0 1 0 0 1 1 1 0 0 0 0 0 1 1 0 0 0 0 1 0 1 0 1 1 1 0 0 1 0 0 0 0 0 0 0 1 1 1 0 0 0 1 0 0 1 0 0 1 1 1 1 1 0 0 0 0 0 0 1 1 1 1 1 1 0 0 0 1 0 1 0 0 0 1 0 1 0 0 0 1 0 0 0 1 1 0 1 0 0 1 1 0 1 1 1 1 0 0 0 0 0 1 0 0 0 1 0 1 0 1 1 0 0 0 0 1 0 1 1 0 0 0 0 1 0 1 1 0 1 1 0 1 0 0 1 0 0 0 0 0 1 1 1 0 0 0 1 1 1 0 0 0 1 0 1 1 
1 0 0 0 0 1 1 1 1 0 0 0 0 0 1 1 0 1 0 0 1 0 0 0 0 1 1 0 0 0 0 0 0 1 0 0 1 0 1 0 1 0 1 0 0 1 0 1 1 1 1 0 1 1 1 0 0 1 0 1 1 1 0 0 0 1 0 0 0 0 1 0 1 0 0 0 0 1 0 0 0 1 0 1 1 1 1 1 0 1 0 0 0 1 0 1 0 0 1 1 0 1 0 1 0 0 1 1 1 0 1 1 0 1 0 0 0 0 0 0 0 0 1 1 0 1 0 0 1 1 0 0 0 1 0 0 0 1 0 1 0 0 0 1 1 0 0 0 0 1 1 0 1 1 1 0 1 0 0 1 0 1 0 1 0 0 1 0 1 0 0 0 0 1 0 0 0 1 1 1 0 1 1 0 
0 1 0 1 0 0 0 0 0 0 0 1 1 0 0 1 1 0 0 0 1 0 1 0 0 0 0 0 0 0 0 0 1 1 1 1 0 1 1 0 1 1 0 0 0 1 0 0 0 1 0 0 1 0 0 0 0 0 0 0 1 0 0 1 0 1 0 1 1 1 1 0 1 1 1 0 1 0 1 0 0 0 0 1 0 0 0 0 0 0 0 0 0 1 1 0 0 1 0 0 1 0 0 1 1 0 0 1 0 1 0 0 0 1 0 0 1 0 0 0 1 1 0 1 1 1 0 1 1 0 0 1 1 0 0 0 1 0 1 1 1 0 1 1 0 0 1 1 1 0 1 1 1 1 1 0 1 1 0 0 0 0 0 0 0 0 0 1 0 0 0 1 0 1 0 1 0 1 1 0 0 1 0 1 
0 1 0 1 0 1 0 1 0 0 1 1 1 0 0 0 1 0 1 1 0 1 0 1 1 0 0 1 0 1 0 1 1 1 0 0 1 0 1 1 1 0 0 0 0 1 1 0 1 0 0 0 0 1 1 0 0 0 1 1 1 1 1 0 1 0 1 0 0 0 0 0 0 1 0 0 1 1 1 0 1 0 1 0 1 0 1 0 1 1 0 0 0 0 0 1 1 0 1 0 0 0 1 1 0 0 1 0 0 1 0 1 1 1 0 1 0 1 0 0 1 0 0 0 0 1 1 0 0 0 0 0 0 0 0 1 0 0 0 0 0 0 1 0 1 0 0 1 0 0 1 1 0 0 1 0 0 1 0 1 0 1 1 1 0 1 0 1 1 0 1 0 1 1 0 0 0 0 1 0 1 0 1 1 
1 0 0 0 0 0 0 1 0 0 1 0 0 0 0 0 1 0 1 0 0 1 1 0 0 0 0 0 0 1 0 1 0 0 0 0 0 0 1 1 0 0 0 0 0 1 1 1 0 0 0 0 1 0 1 0 0 1 1 0 0 0 1 0 1 0 1 1 0 0 0 0 0 1 0 0 1 1 0 0 0 1 1 0 1 1 0 1 1 0 0 1 1 1 0 0 1 1 0 0 0 0 0 1 0 1 0 0 0 1 1 0 0 0 0 0 0 0 0 0 0 1 1 0 0 0 0 0 0 0 1 1 0 1 0 1 0 1 0 1 1 0 0 0 1 0 1 1 0 0 0 0 0 1 0 1 0 1 1 1 0 0 0 0 0 1 0 0 1 0 0 1 0 0 0 1 0 1 0 1 0 1 0 0 
0 0 0 1 1 1 1 0 0 1 1 1 0 1 1 0 0 0 1 0 1 0 1 1 0 1 0 0 0 0 0 0 1 0 0 0 0 0 1 0 1 1 1 1 0 0 0 0 1 1 0 0 0 0 0 1 1 0 1 0 0 1 0 0 0 1 1 1 0 0 0 1 0 1 0 0 0 0 0 1 1 1 1 1 0 1 1 0 1 0 1 0 0 1 1 1 0 0 1 1 1 1 1 0 0 0 0 0 1 0 0 1 1 0 0 0 0 1 0 0 1 1 1 1 1 0 1 1 0 1 1 1 1 1 0 0 0 0 0 0 1 0 1 1 0 0 0 0 0 0 0 1 0 0 1 0 0 1 1 0 0 1 0 1 1 0 1 1 0 0 0 0 0 0 0 0 0 0 0 0 1 1 1 0 
1 0 0 0 1 0 0 1 1 1 0 1 0 0 0 1 0 0 0 0 1 1 1 1 1 0 0 0 0 0 0 1 0 1 1 0 0 0 1 1 0 0 1 0 0 1 0 0 0 0 0 0 0 0 0 1 1 0 1 0 0 0 0 0 0 0 0 0 0 0 1 0 0 0 0 0 1 0 0 0 1 0 0 0 0 1 0 1 1 0 1 0 1 0 0 0 0 1 1 0 1 0 0 0 0 0 1 0 1 0 0 0 0 1 0 1 1 0 0 0 0 0 1 0 0 0 0 1 0 1 1 1 1 0 0 1 0 1 1 0 0 0 0 0 0 0 0 1 0 0 1 1 0 0 1 1 0 0 0 0 1 0 0 0 0 0 0 0 1 0 1 0 1 0 0 1 1 0 0 0 1 1 1 1 
0 1 1 0 1 1 1 0 0 1 0 1 1 1 0 0 0 0 0 0 0 0 1 1 1 0 1 0 0 1 0 0 0 0 0 0 1 0 0 1 1 0 1 0 0 0 1 0 1 1 1 0 0 0 0 0 0 0 1 1 1 0 1 1 1 0 1 0 1 0 1 1 0 0 0 0 0 0 0 1 0 0 0 0 1 0 0 1 0 0 0 1 0 0 1 1 1 1 0 1 0 0 0 1 1 0 0 1 0 1 0 0 0 0 1 0 0 1 0 1 0 0 1 1 0 1 0 0 1 1 1 1 0 0 0 0 1 1 0 1 1 0 1 0 1 1 0 1 0 0 1 0 1 1 0 1 1 0 1 0 0 1 0 0 1 1 1 0 0 0 0 1 1 0 0 0 0 0 0 1 0 0 0 0 
0 0 0 0 0 1 0 0 0 1 0 0 0 1 0 0 1 0 1 0 0 1 0 0 0 1 1 0 1 0 1 1 0 0 0 0 0 1 0 0 0 0 0 0 1 0 1 1 0 0 0 1 0 0 0 1 0 1 1 0 1 0 1 1 0 1 1 0 1 1 0 0 1 1 1 0 0 0 0 0 0 0 1 0 1 0 1 1 0 1 1 0 1 1 0 0 1 0 0 0 0 0 0 0 0 0 1 1 1 1 1 1 0 1 0 0 0 0 1 0 1 1 0 1 0 0 0 0 0 1 1 1 0 1 0 0 1 1 1 0 0 1 0 0 1 1 0 1 1 1 0 1 1 1 0 0 1 0 0 0 1 0 1 0 0 1 1 0 0 0 1 0 1 0 0 1 1 0 0 1 1 0 0 0 
0 1 1 0 1 0 0 1 0 1 0 0 0 1 1 0 0 1 0 0 0 1 1 0 0 0 0 1 0 0 0 0 1 1 0 0 1 1 0 0 1 0 1 1 1 0 0 0 1 1 0 0 0 1 0 0 0 0 1 0 0 0 0 0 0 0 0 1 0 0 1 1 1 1 0 0 0 0 0 0 0 0 1 0 0 1 0 1 0 1 0 0 1 0 0 1 0 1 0 1 0 1 1 1 0 0 0 1 0 0 1 0 0 1 1 0 1 1 0 1 0 1 1 0 0 1 0 1 1 0 0 0 1 0 0 0 0 1 1 0 0 1 0 0 0 0 0 0 0 0 1 0 0 0 1 0 0 0 0 0 1 0 0 0 1 0 1 1 0 0 0 0 0 1 0 0 0 0 0 1 1 1 1 0 
0 0 0 1 1 0 1 1 1 1 1 1 1 0 0 1 1 0 1 0 1 1 1 0 1 0 0 0 0 1 1 0 1 0 0 0 0 0 1 1 0 0 1 0 1 0 0 1 0 1 0 1 0 1 1 1 0 0 0 0 0 0 1 1 1 0 0 0 0 1 1 0 0 1 1 0 0 0 1 1 0 0 0 1 0 0 0 1 0 1 1 1 1 0 1 0 0 1 1 0 1 0 0 1 0 1 1 1 0 0 0 1 1 0 1 0 1 1 1 0 0 0 0 0 0 0 0 0 0 1 1 1 1 0 0 0 1 1 1 0 1 0 0 0 0 0 1 0 1 1 1 1 0 1 0 1 0 1 1 1 1 1 1 0 0 0 1 0 1 1 0 1 1 0 0 0 1 0 0 0 0 0 0 1 
1 0 0 1 1 1 1 0 1 0 0 1 0 0 0 1 0 1 0 0 1 1 0 0 0 0 0 0 1 0 1 1 0 0 1 0 1 0 1 0 1 0 0 1 0 0 1 0 1 0 0 1 0 0 0 0 0 1 0 1 0 1 0 0 1 1 0 0 1 0 0 1 0 1 1 1 0 0 0 0 1 0 0 1 0 1 1 0 1 0 1 0 1 0 1 0 0 1 0 1 0 1 1 0 0 1 0 0 0 0 1 0 0 0 0 1 0 0 1 1 0 0 0 0 1 0 1 0 0 0 0 0 1 0 0 0 0 0 1 0 0 0 1 1 1 0 0 1 1 0 1 0 0 1 1 0 0 1 1 0 0 0 0 0 0 0 1 1 1 0 1 0 0 1 0 1 1 1 1 0 0 0 1 1 
0 0 0 1 0 1 0 1 0 1 0 1 1 1 0 1 1 0 1 0 0 1 0 0 0 1 1 0 1 0 0 0 0 0 1 0 0 0 1 0 0 1 0 0 0 0 0 1 0 1 1 0 0 0 0 0 0 1 0 0 1 0 0 0 0 0 0 0 0 0 0 0 1 1 0 0 1 0 1 0 1 0 0 0 1 0 1 0 0 0 1 0 0 1 0 1 0 0 0 0 0 1 0 0 0 0 0 0 0 0 1 0 0 0 1 0 0 0 0 1 1 0 0 1 1 1 0 1 0 0 0 0 1 0 0 1 0 0 0 0 0 0 1 1 0 0 0 1 1 1 0 1 0 1 0 0 0 1 1 0 0 1 1 1 1 1 0 0 0 1 0 0 0 0 1 0 0 0 1 0 1 1 0 0 
0 1 0 1 0 0 0 1 1 0 1 0 1 0 0 0 0 0 1 1 0 1 0 1 1 0 0 1 0 0 1 0 1 0 1 0 0 1 0 0 0 0 1 1 0 1 1 0 0 0 0 1 0 1 0 1 0 0 0 0 0 0 1 0 1 0 0 1 1 0 0 0 0 1 1 1 1 0 0 0 1 1 1 1 1 0 1 0 1 0 0 0 0 1 0 0 1 1 1 0 1 0 0 0 0 0 0 0 0 0 0 1 0 0 1 0 1 0 0 1 0 1 0 0 1 1 1 0 1 1 0 0 1 0 0 0 1 0 1 0 0 1 0 0 0 0 0 0 0 0 1 0 1 0 0 0 0 1 0 0 0 0 0 1 1 1 1 0 0 1 1 0 1 0 1 0 0 1 1 0 1 1 0 0 
1 1 0 0 0 1 0 1 1 1 0 0 0 0 1 0 0 0 0 0 0 0 1 0 0 0 0 0 0 0 1 0 0 1 0 1 1 0 1 0 0 0 0 1 0 0 1 0 0 1 1 1 0 1 0 0 1 0 0 0 0 0 0 1 0 0 0 0 0 0 0 0 0 0 0 1 1 0 1 0 0 0 1 0 0 1 1 1 0 1 0 0 0 1 0 0 1 0 0 0 0 1 0 0 0 1 1 0 0 0 0 1 1 1 0 0 0 1 1 0 0 0 0 1 1 0 1 1 1 0 0 1 0 0 1 0 0 0 0 1 0 0 0 1 0 0 1 1 1 0 0 1 1 0 0 0 1 0 1 1 1 0 0 1 0 0 1 0 0 0 0 1 1 0 1 0 0 0 1 0 0 0 0 0 
1 0 0 0 1 0 1 0 0 0 1 0 0 1 0 1 0 1 0 0 0 1 1 1 0 0 0 0 1 0 0 1 1 0 0 1 0 0 1 1 1 0 0 0 0 0 0 0 0 1 1 0 1 1 0 0 0 1 0 1 1 0 1 0 0 0 0 1 0 0 0 0 0 1 0 0 1 1 1 1 0 1 0 0 0 0 1 0 0 0 0 0 1 1 0 0 0 1 1 0 1 1 0 0 1 1 0 0 0 1 0 0 0 0 0 0 0 0 1 0 0 0 0 0 1 0 1 1 1 1 1 0 0 0 0 0 0 1 0 1 1 0 0 0 1 1 0 0 1 1 0 1 1 0 0 1 0 0 1 0 0 0 0 1 1 0 1 0 0 1 0 1 0 1 0 1 0 1 0 0 0 1 1 0 
0 0 1 0 0 0 0 0 1 1 0 1 1 0 1 0 0 0 1 1 1 1 1 1 0 1 1 1 0 0 0 0 1 0 0 0 0 0 0 1 1 1 0 0 0 0 1 0 1 1 1 0 0 1 1 0 0 1 0 0 1 0 0 1 0 0 0 0 1 0 0 0 0 0 1 0 0 0 1 1 0 1 1 1 0 0 1 1 0 1 1 1 1 0 0 0 1 0 1 0 0 0 0 0 0 0 1 0 1 1 0 0 1 0 0 0 0 0 0 1 1 1 0 1 0 1 1 0 1 1 0 0 1 0 1 1 0 1 0 1 0 1 1 1 1 1 1 0 0 0 0 1 0 0 1 1 1 0 0 0 0 1 0 0 0 0 1 0 1 0 1 0 1 0 1 1 0 0 0 0 1 1 1 0 
0 1 0 0 0 1 0 0 0 1 1 0 0 0 0 1 0 1 1 0 0 0 0 1 0 0 0 0 0 0 0 0 1 1 0 0 0 0 0 1 1 0 1 0 0 0 0 0 0 0 1 0 1 1 0 0 1 1 1 0 0 0 1 0 1 1 1 0 0 1 1 1 0 1 1 0 0 1 0 0 1 1 1 0 1 0 1 0 0 0 1 1 0 0 0 0 1 0 0 0 0 1 0 0 0 1 0 0 1 0 0 1 0 0 0 0 0 0 1 1 1 0 0 0 0 0 0 0 1 1 1 0 1 1 1 1 0 1 0 0 0 0 0 1 0 1 0 1 0 0 0 0 1 0 1 0 0 1 0 0 1 0 1 1 1 1 0 1 0 1 0 0 0 0 1 0 1 1 0 0 0 0 1 1 
1 0 0 1 1 1 0 1 0 1 1 1 0 1 1 0 0 0 1 0 0 0 0 0 0 0 0 1 1 0 0 1 0 0 0 1 0 0 0 0 1 0 0 1 1 0 0 1 1 0 0 1 0 1 0 1 0 0 0 1 1 0 1 0 1 1 1 0 0 0 0 0 0 0 1 1 1 0 1 1 1 1 0 0 0 0 0 0 0 1 1 0 0 0 1 1 1 0 0 0 0 0 1 0 0 1 0 0 1 0 1 0 1 0 1 1 0 0 1 1 1 1 0 0 1 0 1 0 0 1 1 0 0 1 0 1 1 1 1 0 1 0 1 0 0 0 0 0 0 0 1 1 1 0 0 1 0 0 0 1 0 0 0 1 0 1 0 1 1 1 0 0 0 0 0 0 0 0 1 1 1 0 1 1 
0 1 0 0 1 0 0 1 0 0 0 0 1 0 0 1 0 0 1 1 0 0 1 0 0 1 0 0 1 0 0 0 1 0 0 0 1 1 1 0 1 1 1 0 1 1 0 1 0 1 0 0 1 1 0 0 0 1 1 1 0 1 1 0 0 0 1 0 1 1 0 1 1 0 0 1 0 1 0 0 1 0 1 0 1 1 0 0 0 0 1 0 0 1 0 0 0 0 1 0 1 0 0 0 0 0 0 0 1 1 0 0 0 1 0 0 0 1 0 1 1 0 1 0 1 0 0 1 1 1 0 0 0 1 0 0 1 0 0 0 0 0 0 0 0 0 0 0 1 0 1 1 0 1 1 1 0 0 0 1 0 0 0 1 0 0 0 0 1 1 0 1 0 1 0 1 0 1 0 0 1 0 0 0 
0 1 0 1 1 0 1 0 1 0 0 1 0 0 0 1 0 0 0 0 0 0 1 0 0 0 1 0 0 1 1 1 0 0 0 1 0 1 1 1 1 0 0 0 0 0 0 1 0 0 0 1 0 1 0 0 1 0 1 0 0 0 0 0 1 0 1 0 0 0 0 0 0 1 0 0 0 0 0 0 0 0 0 1 0 0 1 0 1 1 0 0 0 0 0 0 0 0 0 0 0 0 1 0 0 0 0 1 1 0 0 1 1 0 0 1 0 0 0 1 1 0 1 0 1 0 1 0 0 1 0 0 0 1 1 1 0 1 0 0 1 1 1 0 1 1 1 0 0 0 1 1 0 0 1 0 0 0 0 0 0 1 1 1 1 1 1 0 0 1 0 0 1 1 0 1 1 1 0 1 0 1 0 0 