200
4 19 34 36 37 44 45 49 55 57 66 79 88 90 101 106 118 120 130 140 148 152 158 161 164 170 182
0 0 0 0 1 1 0 1 1 1 0 0 0 0 0 1 1 1 0 1 1 1 0 0 0 0 1 1 1 1 1 0 1 1 0 0 1 1 0 0 0 0 1 1 0 0 0 0 1 0 0 1 1 0 0 0 1 1 1 0 0 0 1 1 0 0 0 0 0 1 0 1 1 1 0 0 0 1 1 0 1 0 0 1 1 1 0 0 1 0 0 1 1 0 1 0 1 1 1 0 1 0 0 0 1 0 1 0 0 1 0 1 1 1 1 1 1 0 0 1 1 1 1 1 0 1 1 1 1 1 0 1 1 0 0 0 0 1 0 0 1 1 0 1 0 1 0 0 1 1 0 1 0 0 1 0 0 1 1 0 0 1 0 1 1 0 1 0 0 0 0 1 0 0 1 1 1 0 0 0 1 1 0 0 0 0 1 1 1 1 1 1 1 0 0 1 0 1 1 0
1 0 0 1 0 0 0 0 1 1 1 0 1 0 0 0 1 0 0 0 0 1 1 0 0 0 1 1 0 0 1 1 0 1 0 1 0 0 0 1 1 1 1 1 0 1 0 1 0 0 1 1 0 0 0 0 1 1 0 0 1 0 0 0 0 1 1 1 0 1 0 1 1 1 1 0 0 0 0 0 1 1 1 1 1 1 1 1 0 1 1 1 0 0 1 1 1 1 0 0 1 0 1 1 0 1 1 1 1 1 1 1 0 0 1 1 1 0 0 0 1 1 0 0 0 1 1 1 0 0 0 1 0 0 0 0 0 0 0 1 1 0 1 1 1 0 0 1 1 0 0 0 1 1 0 1 1 0 0 1 1 1 1 1 1 0 0 0 1 0 0 0 0 1 1 0 1 1 0 0 1 0 0 0 0 0 0 0 1 0 0 1 1 1 0 1 0 1 0 1
1 0 0 1 0 1 0 1 0 1 1 0 1 0 1 1 1 0 1 0 1 1 1 0 0 0 0 0 1 1 0 1 1 1 0 0 1 1 0 0 0 1 1 1 0 0 0 1 0 0 1 0 0 1 0 0 0 1 1 1 1 0 1 0 0 1 0 0 1 0 1 1 1 0 1 1 1 1 0 1 1 0 1 1 0 0 0 1 1 0 0 0 0 0 1 1 1 0 0 0 1 1 0 1 0 0 0 0 1 1 1 0 0 0 1 0 0 0 0 0 0 1 0 1 0 1 0 1 1 1 1 0 1 1 0 1 1 1 0 0 1 0 1 1 1 1 1 1 0 1 0 0 0 0 1 1 1 0 0 1 1 1 0 1 0 1 0 1 1 1 0 0 1 1 0 1 1 1 1 1 0 1 1 0 1 0 0 1 1 1 1 1 1 0 0 0 0 1 1 0
1 1 1 0 0 0 1 1 1 0 1 0 1 0 1 0 0 0 0 1 0 1 1 1 1 0 1 1 0 0 1 1 1 1 0 0 0 0 1 0 0 0 1 0 1 0 1 0 1 0 0 0 0 1 0 1 1 0 1 1 1 0 1 1 0 1 0 0 1 1 1 1 0 1 1 1 1 1 0 1 1 1 0 1 0 0 1 0 1 1 1 1 1 1 0 1 1 0 1 1 1 1 0 1 1 1 0 0 0 1 1 1 0 1 0 0 1 0 0 0 0 0 1 1 0 1 1 1 0 1 1 0 1 0 0 0 1 1 1 0 1 1 0 1 0 0 1 1 1 0 0 0 1 1 1 0 0 1 1 1 0 0 0 1 1 0 1 1 1 0 0 1 0 0 1 0 1 0 1 1 0 0 1 1 1 1 0 0 1 1 0 1 1 0 1 0 1 0 0 0
0 1 0 1 0 1 0 0 1 0 0 1 0 1 1 1 0 1 0 1 1 1 1 1 1 0 1 0 1 1 0 1 0 0 0 0 1 0 1 0 0 1 1 1 1 0 0 0 1 0 0 0 1 0 0 1 1 0 1 1 1 1 1 0 1 0 0 0 0 1 0 1 0 0 1 1 1 0 1 0 0 1 1 0 1 1 0 1 1 1 1 0 1 0 1 1 0 1 0 1 0 1 0 0 0 1 1 0 1 1 1 0 0 1 0 1 0 0 1 1 0 1 1 0 0 1 0 0 0 1 1 0 1 1 0 1 0 1 1 0 1 1 0 1 0 1 0 1 1 0 1 0 1 1 1 0 0 1 0 0 1 1 0 0 1 0 1 1 0 0 0 1 1 0 0 1 1 1 0 0 0 1 1 0 0 0 1 0 0 1 0 0 0 0 0 1 1 0 0 1
1 1 0 0 0 0 0 1 0 1 1 0 1 1 0 0 0 1 1 0 1 1 1 1 1 1 1 0 1 1 0 1 1 0 0 0 1 1 1 0 1 0 1 0 0 1 0 0 0 0 0 0 1 1 0 0 1 1 1 1 1 0 0 1 1 1 0 0 1 0 0 1 0 1 1 0 0 1 1 0 0 0 0 1 0 1 1 1 1 1 0 0 1 1 1 1 1 0 0 1 1 1 0 0 0 0 0 1 0 1 0 1 0 1 1 1 0 0 0 1 0 0 0 0 1 1 0 1 0 0 0 0 0 1 0 0 1 0 0 1 1 1 0 1 0 1 0 1 0 0 0 0 0 0 0 1 0 1 1 0 1 0 0 1 0 0 1 0 0 0 0 0 0 1 0 0 0 0 1 1 0 0 0 0 0 1 1 1 0 0 0 1 0 0 1 0 1 0 1 1
1 0 0 0 1 0 0 0 1 1 1 1 1 1 0 0 1 0 1 1 1 1 0 0 1 0 0 1 1 1 0 0 0 1 0 1 0 0 1 1 1 0 0 0 0 0 1 0 1 0 0 1 1 0 0 0 1 1 1 0 0 0 1 0 1 1 1 0 0 1 1 1 0 1 1 0 1 1 0 0 0 0 0 1 0 1 0 0 0 0 1 0 1 1 0 1 1 1 0 1 0 1 0 0 0 0 0 0 1 0 1 0 0 1 1 1 1 1 0 1 1 0 1 0 1 0 1 0 0 0 1 1 0 0 0 0 0 0 0 0 1 0 0 0 0 1 0 1 1 0 0 0 0 1 0 1 0 1 1 0 1 1 1 0 1 1 0 0 0 1 1 1 0 1 0 0 0 0 0 1 1 0 1 1 0 0 1 0 0 0 0 0 0 0 0 0 0 1 1 0
1 1 0 1 1 1 1 0 1 0 1 0 0 1 1 1 1 0 1 1 1 1 0 0 1 1 1 0 0 0 0 1 0 0 1 0 1 1 0 0 1 1 1 0 1 1 1 0 0 0 0 0 1 1 0 0 1 0 0 0 1 0 0 0 1 1 1 0 1 0 1 0 1 0 1 0 0 1 1 1 0 0 1 1 0 0 0 0 1 1 1 1 1 1 0 0 0 1 0 1 0 1 0 1 0 0 1 0 0 0 1 0 0 1 0 1 1 1 0 0 1 1 0 0 1 0 0 0 0 0 0 0 0 0 1 1 0 0 1 0 0 1 1 1 0 0 0 1 1 1 0 0 1 0 1 1 0 1 0 1 1 0 0 1 0 1 1 0 0 0 0 1 1 1 0 1 0 0 1 0 1 0 1 1 0 1 1 0 0 0 0 0 1 1 1 1 0 1 0 0
0 0 0 0 1 0 1 0 0 0 1 0 1 0 0 1 1 1 1 0 1 1 0 1 1 1 1 1 0 1 0 0 1 1 1 1 0 1 1 1 1 1 0 0 0 0 1 0 0 0 0 0 1 0 1 1 0 0 0 0 0 0 0 0 1 0 1 1 0 1 1 0 1 0 1 0 0 1 0 1 1 0 0 1 0 0 1 1 0 1 0 0 1 1 1 0 1 1 1 0 1 0 0 1 1 1 1 0 0 1 1 0 0 0 1 0 0 1 0 1 1 0 1 0 0 0 0 0 1 1 1 0 1 1 1 0 0 1 1 0 1 1 0 1 1 1 1 0 0 0 0 1 1 0 0 1 1 0 1 1 0 1 0 0 0 0 0 1 0 1 0 0 0 0 1 1 0 1 0 1 1 1 0 1 1 1 0 1 0 0 0 1 0 1 0 0 0 0 1 1
1 0 0 0 0 1 1 0 1 0 0 1 0 0 1 0 1 0 1 1 0 1 1 0 1 0 1 1 1 0 1 1 1 0 0 1 1 1 1 1 0 0 0 0 1 1 0 0 0 0 0 0 1 1 1 0 1 0 0 0 1 1 0 1 0 0 0 0 1 1 0 1 1 0 1 1 1 1 1 0 1 1 0 1 1 1 1 1 0 1 1 0 1 0 0 0 0 1 1 0 0 1 0 0 0 1 1 0 1 0 1 1 0 0 0 0 1 1 1 0 1 1 0 1 1 0 1 0 0 1 1 0 1 0 1 0 0 1 1 0 1 1 0 0 0 0 0 1 1 0 0 1 0 0 1 0 0 0 0 0 0 0 1 1 0 1 0 0 1 1 1 0 0 0 0 1 1 0 1 1 1 0 1 1 0 0 1 0 1 0 0 1 0 0 1 0 0 0 0 0
1 0 0 0 0 0 1 0 0 1 0 1 0 0 0 1 0 0 0 0 0 1 0 1 1 1 1 0 0 1 1 1 1 0 1 1 0 1 1 1 1 1 0 0 0 0 1 0 0 0 0 0 0 0 0 1 1 1 0 0 0 0 1 1 0 0 0 1 0 0 0 0 0 1 0 0 1 0 0 0 1 1 0 0 1 1 1 0 0 0 1 0 0 1 0 1 1 0 0 1 0 0 1 0 0 1 0 1 0 0 1 0 0 1 1 0 0 0 0 1 0 1 1 0 1 0 0 1 0 0 0 0 1 1 0 0 0 0 1 1 0 1 1 0 1 0 1 0 0 1 0 0 0 0 0 0 0 1 0 1 1 1 0 0 1 0 1 1 1 0 0 1 1 1 1 0 1 0 1 1 1 0 1 0 1 0 0 0 1 0 1 1 1 0 0 0 0 0 0 1
0 0 0 1 1 0 0 0 1 0 0 0 1 0 0 0 1 1 0 0 0 0 0 0 1 1 1 0 1 0 0 0 0 0 1 1 0 0 1 1 1 0 1 0 0 1 0 1 0 0 1 0 0 0 0 1 1 1 1 1 0 1 1 0 0 0 1 0 0 1 1 0 0 1 0 0 1 0 0 0 0 1 1 0 0 0 1 0 0 0 1 1 0 0 1 0 0 1 0 1 0 0 1 0 0 0 1 1 0 0 1 1 1 0 1 1 0 0 1 0 1 1 0 0 0 1 1 0 1 1 0 0 0 0 1 1 1 1 0 1 0 0 0 1 1 1 0 1 0 0 1 0 0 0 1 0 0 1 0 1 0 0 0 1 1 0 0 1 0 1 0 0 1 0 1 1 0 0 0 1 1 1 0 1 0 0 0 0 0 1 0 0 0 1 1 0 1 1 1 1
1 0 1 0 0 0 0 0 0 0 1 0 0 1 0 1 1 0 1 0 1 1 0 0 1 1 0 1 1 1 0 1 0 1 0 0 1 0 0 0 1 0 1 1 1 1 1 0 1 1 1 1 0 1 0 0 1 1 1 0 0 0 1 0 0 1 1 0 0 0 1 1 0 1 0 0 1 0 0 1 0 1 0 0 0 0 1 0 0 0 1 1 0 0 1 1 0 1 0 0 0 0 1 0 0 1 1 0 0 1 1 1 1 1 1 1 0 1 1 1 1 1 1 0 1 0 0 0 1 1 0 0 1 0 1 1 1 1 0 1 0 1 1 0 0 0 0 1 0 1 1 1 1 0 0 1 0 1 1 1 0 1 0 1 0 1 1 0 1 0 1 0 1 1 1 1 0 1 1 0 0 0 1 1 0 0 0 1 0 0 1 1 1 0 0 0 1 0 0 0
1 0 1 1 1 1 0 1 1 0 0 1 0 0 0 1 1 0 1 0 0 0 1 0 0 0 0 1 0 0 1 1 0 0 1 1 1 1 0 0 0 0 0 0 1 1 0 0 1 1 1 1 0 0 1 1 1 0 0 1 0 1 0 0 1 1 1 1 1 1 0 1 0 1 1 0 1 1 0 1 0 1 0 0 1 0 1 0 0 1 1 1 0 1 0 1 0 1 1 1 1 1 1 0 1 1 0 1 0 1 1 1 0 1 0 0 1 0 0 1 0 1 1 1 0 1 1 0 1 1 1 0 0 0 0 0 1 0 1 1 1 0 0 0 0 0 0 0 1 1 0 0 0 1 0 1 0 1 0 1 0 0 1 1 0 1 1 1 1 0 0 1 1 1 1 0 1 1 0 1 0 0 0 0 0 0 0 1 1 1 0 1 0 1 1 1 0 1 0 1
0 1 1 0 1 0 1 0 1 0 1 0 1 0 0 1 0 1 0 1 0 0 1 0 1 1 0 0 0 1 1 0 0 1 1 0 0 1 0 0 0 1 0 1 0 0 0 1 1 0 0 1 1 0 1 1 0 0 1 1 1 0 0 0 0 1 1 0 1 1 1 1 1 1 0 1 0 1 0 0 1 0 1 1 0 1 1 0 1 0 0 0 1 1 0 1 1 1 0 1 1 1 1 0 0 1 1 0 1 1 1 0 0 0 0 1 0 1 0 1 0 1 0 0 1 0 1 0 0 0 0 1 0 0 1 1 0 1 1 1 1 0 1 1 1 1 1 0 0 1 0 0 0 1 1 1 0 0 0 0 0 1 0 1 1 0 1 0 1 0 1 0 0 1 1 0 1 1 1 1 0 1 0 1 0 1 1 1 0 0 0 1 0 0 1 1 0 0 1 1
0 1 1 1 0 1 1 0 0 0 1 1 1 1 1 0 0 0 1 1 1 1 1 0 1 1 0 1 1 0 1 1 0 1 0 0 0 1 1 0 0 1 0 1 0 1 0 0 0 1 1 1 0 0 0 1 1 1 0 0 0 0 0 1 1 1 1 1 0 0 0 0 1 1 1 0 0 0 0 1 1 0 0 0 0 1 1 1 0 1 0 0 0 1 0 0 1 0 1 0 0 0 1 1 1 0 1 1 0 1 1 1 0 0 1 1 1 0 1 1 0 0 0 1 1 1 1 0 1 1 0 0 0 1 0 1 1 0 0 0 1 1 1 0 0 0 1 1 1 0 1 0 0 0 1 0 1 0 1 1 1 0 0 0 0 0 1 1 1 0 1 1 0 1 1 0 0 0 1 1 1 1 1 1 1 0 1 0 1 1 1 1 1 1 1 1 1 0 0 0
0 1 1 0 0 1 0 1 0 1 0 1 1 0 0 0 0 0 1 0 1 1 1 0 0 1 1 0 0 1 0 1 1 0 0 1 0 1 0 0 0 0 1 1 0 1 0 1 1 0 1 0 0 0 1 0 0 0 1 0 0 0 1 1 1 0 1 1 1 0 0 1 0 1 1 1 1 1 0 1 1 0 0 0 1 1 0 1 0 0 0 0 1 1 0 0 0 1 0 1 0 1 1 0 1 1 1 1 0 0 0 0 0 1 0 1 1 0 0 0 0 0 0 0 0 1 1 1 0 0 0 0 1 0 1 0 0 0 0 1 1 1 0 0 1 0 0 1 1 1 1 1 1 0 0 0 1 0 0 1 0 1 1 1 0 0 1 1 1 1 1 0 1 0 1 1 1 1 1 1 0 1 0 0 0 1 1 1 0 1 1 1 0 0 1 1 0 1 0 0
1 1 1 1 0 0 1 1 1 1 1 1 0 1 1 0 0 0 0 1 0 0 1 0 0 1 1 0 0 0 0 1 1 0 0 1 1 0 0 1 0 0 0 0 1 1 1 1 0 0 1 0 0 1 0 0 1 1 0 0 0 1 0 0 1 0 1 0 0 1 1 1 1 1 0 0 0 1 0 1 0 0 0 1 0 0 1 1 1 0 0 1 1 1 1 0 0 0 0 1 0 0 1 0 1 1 0 0 1 0 1 1 0 0 1 0 1 1 1 1 1 1 0 0 1 1 0 0 1 1 0 1 0 0 0 1 1 0 0 1 1 0 0 0 1 0 0 1 1 0 0 0 0 0 0 0 1 0 1 1 0 1 0 1 0 0 1 1 0 0 1 1 1 1 1 1 1 0 0 0 0 1 0 0 0 0 0 1 1 0 0 1 0 1 1 0 1 1 1 0
1 1 1 0 1 1 0 1 0 1 0 0 0 0 0 0 1 1 0 0 0 0 0 0 1 0 1 1 1 0 1 0 0 0 1 1 1 1 1 0 1 1 0 0 1 1 1 0 0 1 1 0 0 1 1 0 1 1 1 1 0 0 0 1 1 0 0 1 1 1 0 1 1 1 1 0 0 0 1 0 0 0 0 1 1 0 0 1 1 1 0 1 1 0 0 0 0 1 1 1 0 1 0 0 0 0 0 1 1 1 1 1 0 1 0 0 0 0 0 1 0 1 0 1 0 1 0 1 0 1 0 1 1 0 0 0 0 1 0 0 0 0 0 1 0 0 1 1 0 0 1 1 0 0 1 1 0 1 0 0 0 0 1 1 1 0 0 0 0 0 0 1 1 1 0 1 1 0 0 1 1 0 0 0 0 1 0 1 1 1 0 0 1 0 1 0 1 0 0 1
1 0 1 0 1 0 1 0 0 1 0 1 1 0 1 0 0 1 1 0 1 1 0 0 0 0 1 0 1 1 1 1 1 0 0 0 0 1 0 1 0 1 1 1 0 0 1 1 0 0 0 0 1 0 0 0 0 0 0 0 1 0 0 1 0 1 0 0 1 1 1 0 1 0 0 1 0 0 1 1 0 0 0 1 1 1 1 1 1 1 1 1 0 1 1 0 1 0 0 0 0 1 0 1 0 0 1 1 0 1 1 1 1 0 1 1 0 0 1 0 0 1 0 1 1 1 1 0 0 1 1 1 0 0 0 0 1 1 1 0 0 1 0 0 1 0 1 0 0 1 1 1 0 1 0 0 1 1 1 1 1 1 1 1 0 0 0 1 0 1 0 0 1 0 0 1 1 1 0 1 1 0 0 0 1 0 1 1 1 1 0 0 1 1 1 0 1 0 1 1
1 0 0 0 0 1 1 0 1 1 1 1 1 0 1 1 0 0 1 1 0 0 1 1 1 0 0 1 0 0 0 0 0 0 1 0 1 0 0 0 0 1 0 0 0 1 1 0 1 0 1 1 0 1 0 1 1 0 0 0 0 0 0 0 0 1 1 1 1 0 1 0 0 0 0 0 1 0 1 1 0 1 1 0 1 1 0 0 1 1 0 1 0 0 1 1 0 0 0 0 1 1 1 0 1 0 0 1 0 0 1 1 1 1 1 1 0 0 1 0 0 0 1 1 1 1 0 0 0 0 0 1 0 1 1 1 0 0 1 0 0 1 0 1 0 1 1 1 0 1 0 1 1 1 0 1 0 0 0 0 1 0 0 1 1 0 0 0 0 0 0 0 1 1 1 0 0 0 1 1 0 0 1 1 1 0 0 1 1 0 0 1 0 1 0 1 1 1 1 1
0 1 0 1 0 0 0 1 1 0 1 1 1 1 1 0 0 1 0 0 0 0 1 1 0 0 0 1 1 1 0 0 1 1 1 0 1 1 1 0 0 0 0 1 0 0 1 1 0 0 0 1 0 0 1 1 0 0 1 0 1 0 1 1 1 1 0 0 0 0 1 0 1 1 1 0 0 1 1 0 0 1 1 1 0 0 0 0 1 0 0 0 0 0 1 1 0 0 0 1 1 1 0 1 0 1 1 1 0 0 0 0 1 1 1 0 0 0 1 1 1 0 1 1 0 1 0 1 1 0 0 1 1 1 1 0 1 1 1 0 1 1 0 1 1 0 0 1 1 0 0 0 1 0 1 1 0 0 1 1 1 1 0 0 1 1 1 1 0 1 0 0 0 0 1 0 1 0 1 0 1 1 1 0 0 0 0 0 0 1 1 1 0 0 1 0 1 0 1 1
0 0 0 1 1 0 0 0 1 0 0 0 1 1 1 1 1 0 1 0 1 0 0 0 0 1 0 1 0 0 0 0 0 0 0 0 0 0 0 1 0 0 0 1 0 1 1 0 0 1 0 1 1 1 0 0 1 1 1 0 0 1 1 1 0 1 0 0 0 0 1 0 1 0 0 0 0 0 1 0 1 1 1 1 0 1 1 0 0 1 0 0 1 0 0 0 0 0 1 1 1 1 0 0 0 0 0 1 1 1 0 0 0 0 1 0 0 1 1 0 0 1 0 0 1 0 1 1 0 0 1 0 0 1 1 0 0 0 1 0 0 0 0 0 0 1 1 1 0 0 0 0 1 1 1 1 0 0 1 0 1 0 0 1 0 1 1 1 0 1 0 1 0 1 0 0 0 1 0 0 0 1 0 1 0 1 1 0 1 1 1 0 0 1 0 1 1 0 0 0
1 1 1 1 1 1 0 1 0 0 1 0 1 0 0 1 1 0 0 1 1 0 1 0 0 0 1 1 1 1 0 0 0 0 1 0 1 1 0 1 1 0 0 0 0 0 0 1 1 1 1 0 0 0 1 1 0 0 1 1 0 0 0 1 1 1 0 0 1 0 1 1 1 0 0 0 1 1 0 0 1 1 1 0 1 0 0 0 0 1 1 0 1 1 0 1 0 1 1 0 1 0 0 1 1 0 0 1 1 0 0 1 1 1 1 0 0 1 1 0 0 1 1 1 0 0 0 1 1 0 1 0 1 0 1 0 0 0 1 0 0 1 0 0 0 1 1 0 0 0 1 1 1 0 1 1 1 0 0 1 1 0 1 1 1 0 0 1 1 0 0 0 1 1 0 0 1 0 0 0 1 1 0 1 0 1 0 1 0 1 1 0 1 0 1 1 1 1 0 1
1 0 1 1 0 1 1 0 1 0 1 1 0 1 1 1 1 0 1 0 0 0 0 1 0 0 1 0 1 0 1 1 1 1 1 0 1 0 0 0 1 0 1 1 1 1 1 0 0 1 0 0 0 0 1 0 1 1 1 0 1 0 0 1 0 1 1 0 1 1 0 0 0 1 1 1 1 1 0 1 0 1 0 0 0 0 0 0 1 1 1 0 0 1 0 1 0 1 0 1 1 1 1 0 0 1 0 1 1 0 1 0 0 1 1 1 1 1 1 1 1 0 1 1 0 1 1 1 1 1 0 1 1 0 0 1 1 1 1 1 0 1 0 0 0 1 0 1 0 1 1 0 0 1 1 0 0 0 1 0 1 1 1 1 0 1 1 0 1 0 0 1 1 1 0 0 1 1 1 0 1 0 1 1 0 0 1 1 1 1 0 1 0 0 1 0 0 0 1 0
1 1 0 0 1 0 0 0 0 1 1 0 0 0 0 0 1 0 0 0 1 0 1 1 1 0 0 1 0 1 1 1 0 1 1 1 0 1 1 1 1 1 1 0 1 1 1 0 0 1 1 1 1 1 0 0 1 1 0 1 0 0 0 0 0 1 1 0 0 0 1 1 1 1 0 0 1 1 0 1 0 0 0 0 0 0 1 0 1 0 0 1 1 0 0 0 1 0 0 1 0 1 1 0 0 0 0 0 1 1 1 0 1 0 1 0 0 1 1 0 1 0 1 1 1 0 0 1 0 0 0 0 0 0 1 0 0 0 1 0 1 0 1 0 0 0 1 1 0 1 1 1 1 0 0 1 1 1 0 0 0 1 0 1 1 0 1 1 0 0 0 1 0 0 0 1 0 1 1 1 0 0 1 0 1 1 0 1 0 0 0 0 0 1 1 1 0 0 1 1
0 0 1 0 0 0 0 1 0 1 1 1 0 0 1 1 0 1 0 0 1 1 1 0 0 0 0 1 1 0 1 1 0 0 0 0 0 1 0 1 1 1 1 1 0 0 1 0 1 0 0 0 0 1 1 1 1 0 1 1 1 1 0 0 0 0 1 1 0 1 1 0 0 1 0 0 0 1 0 1 0 1 0 1 1 1 1 0 0 0 0 1 0 1 1 1 1 1 1 1 0 0 1 1 0 1 1 0 0 1 0 0 0 0 1 1 0 1 0 0 0 1 0 0 1 0 0 1 1 1 0 1 1 1 1 0 0 1 1 1 0 1 0 0 0 1 0 1 1 0 1 1 1 1 1 1 0 0 0 1 0 1 1 0 1 1 1 1 0 0 1 1 0 0 0 1 1 0 1 1 1 1 0 1 1 1 1 1 1 0 1 0 1 1 1 1 1 1 1 0
0 1 0 1 0 1 1 1 1 0 1 0 1 0 1 0 1 1 1 1 0 0 0 1 1 0 0 0 0 1 0 0 0 0 1 1 1 0 1 1 1 0 0 0 1 0 0 1 1 0 0 1 1 1 0 0 1 1 1 1 1 0 0 1 1 1 1 0 1 1 0 1 0 1 0 1 1 1 0 1 0 0 0 0 0 1 0 1 0 0 0 1 0 1 1 0 1 0 1 1 0 1 1 0 0 0 1 1 1 1 0 0 1 1 0 0 1 1 0 1 1 1 0 0 0 1 0 1 1 1 1 1 1 0 0 1 0 0 0 0 0 1 1 0 0 1 1 0 1 0 0 0 0 0 1 0 1 0 1 0 1 0 1 0 0 1 1 0 0 1 0 1 0 1 1 0 0 1 1 1 1 0 1 1 1 0 0 0 0 1 1 1 0 0 0 0 0 0 1 0
1 0 0 1 0 0 1 0 1 1 1 1 1 0 1 1 0 0 1 0 0 1 0 1 1 0 0 1 0 1 1 0 1 0 0 0 1 1 1 1 1 1 0 0 1 1 1 0 0 0 0 0 1 0 1 0 0 1 1 1 0 0 1 0 1 0 0 1 0 1 0 0 1 0 1 0 0 0 0 1 1 1 0 0 0 0 1 1 1 1 1 0 0 1 1 1 0 1 0 1 1 0 0 1 0 0 0 0 0 1 0 0 0 1 1 0 1 0 0 0 1 1 1 0 1 0 0 0 1 1 0 0 0 0 0 0 1 1 0 0 0 0 1 0 0 0 0 0 0 0 0 0 0 1 0 0 0 1 1 0 0 0 1 0 1 1 0 0 1 1 1 0 1 1 0 1 1 1 1 1 1 0 0 0 1 0 0 1 1 1 0 0 0 0 1 1 0 0 0 0
0 0 1 1 1 0 1 1 0 0 1 0 0 0 0 0 0 0 1 1 0 1 0 0 1 1 1 0 0 0 0 0 1 0 1 0 0 0 0 1 0 1 0 0 0 0 0 1 0 1 0 0 0 0 1 1 0 1 1 1 0 1 1 1 0 0 0 1 1 1 0 0 0 1 1 0 0 0 1 1 0 1 0 0 0 0 0 0 0 1 1 0 0 0 0 0 0 1 0 0 0 0 0 1 0 1 1 1 0 0 0 0 1 0 1 1 0 1 0 1 0 1 1 0 0 1 0 0 1 0 1 1 0 1 0 0 0 0 0 1 1 1 0 0 0 0 1 1 1 1 0 0 0 1 1 1 0 1 0 1 1 1 0 1 0 1 0 0 0 1 1 1 1 1 0 1 0 0 1 0 0 1 0 1 0 0 0 0 1 1 1 1 1 1 1 0 0 0 0 0
0 1 1 1 0 0 0 0 1 0 1 0 0 1 1 1 0 0 1 1 1 0 0 0 0 1 0 1 0 1 0 1 1 0 0 1 0 0 0 0 1 1 0 1 1 1 1 1 1 1 0 0 1 1 0 0 0 0 0 0 1 1 1 1 0 0 1 0 1 0 0 1 1 0 0 0 1 1 1 0 0 1 0 1 1 1 0 0 1 0 0 0 1 0 1 0 0 1 0 0 1 0 1 1 0 0 0 1 0 1 1 1 0 1 1 0 0 0 1 0 1 1 1 1 0 0 0 0 1 1 1 0 0 0 0 1 0 1 1 0 0 1 0 1 1 1 0 1 0 0 1 0 1 1 1 0 0 0 0 1 1 0 1 1 0 1 0 1 0 1 0 0 1 1 1 1 0 1 1 0 0 1 1 0 1 1 0 1 0 1 0 0 1 1 1 0 1 0 0 0
0 1 1 0 1 0 1 0 0 1 1 0 0 0 1 0 0 0 0 0 1 0 1 1 0 1 0 0 1 1 0 0 1 0 1 0 0 0 1 0 0 1 1 1 1 1 0 1 0 1 0 0 1 0 1 0 0 1 0 1 1 0 1 0 0 0 1 1 1 0 1 0 0 1 0 1 1 1 0 0 1 0 1 0 0 0 1 0 1 1 0 1 1 1 1 1 1 0 1 0 1 0 1 0 1 1 0 1 0 1 1 0 1 0 0 0 1 1 0 0 0 1 1 0 1 0 0 0 0 1 1 1 1 1 1 1 0 1 1 0 1 0 1 0 1 0 1 1 0 1 0 0 0 1 1 1 1 1 0 0 0 0 1 0 0 0 1 1 1 0 1 0 1 0 1 1 1 0 0 1 1 1 1 0 0 1 1 1 1 1 1 1 1 0 1 0 1 0 0 1
1 1 0 1 1 0 1 1 0 0 0 0 0 1 0 0 1 0 1 0 1 1 1 1 1 1 0 0 0 1 0 0 0 1 0 0 0 0 0 1 0 0 1 1 1 1 0 0 0 0 0 0 0 1 1 0 1 1 1 0 1 1 1 0 1 1 0 0 1 0 1 1 1 0 1 1 0 0 0 1 1 0 1 0 0 0 1 0 1 0 1 1 0 0 1 0 0 1 0 1 0 0 1 1 0 1 1 0 0 1 1 1 1 0 0 0 0 1 0 1 0 1 0 0 0 1 0 1 0 1 0 1 1 0 1 0 1 1 1 1 1 0 0 0 1 0 1 0 1 1 0 1 0 0 1 1 1 1 1 0 1 1 1 1 1 1 0 0 0 1 0 1 1 0 1 0 1 0 0 1 0 0 1 1 0 1 0 0 0 1 1 1 1 0 0 1 1 0 1 0
0 1 1 0 1 1 1 0 0 1 0 1 1 0 0 1 0 0 0 0 1 0 0 0 0 1 1 1 0 1 0 0 1 0 1 1 0 0 1 1 0 1 0 1 0 0 1 1 1 0 0 1 1 1 0 1 0 0 1 0 1 1 0 0 1 1 1 1 0 0 1 0 1 0 0 1 1 0 1 0 0 0 1 1 1 1 1 1 0 1 0 1 0 1 0 0 0 1 1 1 0 0 1 0 1 1 1 0 1 0 1 0 0 0 1 1 1 1 0 0 0 1 0 0 0 0 1 0 0 1 1 0 1 0 0 1 1 1 1 1 0 0 0 1 1 0 0 1 0 1 1 1 1 1 0 1 0 1 0 1 1 0 0 0 0 0 0 1 0 1 0 0 0 0 0 0 1 1 0 0 1 0 1 0 1 1 0 0 0 0 0 1 1 1 1 1 0 1 0 1
0 0 1 1 1 0 1 0 1 0 0 1 0 0 0 0 1 1 0 0 0 1 1 1 1 0 1 1 1 0 0 1 0 1 0 1 0 0 1 1 0 1 1 0 0 1 1 1 1 1 0 0 1 1 1 1 1 1 0 1 1 1 1 0 0 1 0 1 1 1 1 1 1 1 1 1 1 0 1 0 0 0 1 1 1 0 1 1 0 1 1 1 1 0 0 0 1 0 1 0 0 1 0 1 1 0 0 1 1 1 0 1 1 0 0 1 1 0 1 0 1 0 0 1 0 1 1 1 0 0 0 0 1 1 1 1 0 0 0 0 0 0 0 0 0 1 0 1 0 1 1 1 1 1 1 0 1 0 0 0 0 1 1 0 0 1 0 0 0 0 0 1 1 1 0 0 1 0 0 1 1 0 1 1 0 0 1 0 0 0 0 0 0 0 0 0 0 0 1 0
1 1 0 0 1 0 1 1 0 1 1 0 1 1 0 0 0 1 0 0 0 0 1 1 1 1 1 1 0 1 1 1 1 1 1 0 1 1 0 1 0 0 0 1 1 0 1 0 1 1 1 1 0 0 1 0 0 1 0 1 0 1 0 0 1 0 0 0 0 1 1 1 0 0 0 0 0 1 1 0 1 1 0 1 0 1 1 0 0 0 1 0 1 0 0 1 0 0 0 1 0 1 1 0 1 1 0 0 0 1 1 0 0 1 0 0 1 1 1 0 1 1 1 1 0 0 0 1 0 0 1 0 0 0 1 1 1 0 0 1 0 0 1 1 0 0 1 0 1 1 0 0 1 1 1 1 1 0 0 0 1 0 0 0 0 0 1 1 0 0 1 1 1 1 0 1 1 0 1 0 0 0 0 1 1 1 0 0 0 1 1 0 0 1 0 0 0 0 0 1
1 0 0 1 0 1 0 0 0 0 0 1 1 0 0 0 0 1 1 0 0 1 0 0 0 1 1 0 1 1 0 1 1 0 1 0 0 1 1 0 0 1 1 0 0 0 1 0 1 0 0 0 1 0 1 0 0 1 1 0 0 1 1 1 0 1 1 0 1 0 1 0 0 0 1 1 1 1 0 0 0 0 0 1 1 0 0 0 1 0 0 1 0 0 0 0 1 1 0 0 0 0 1 0 0 1 1 0 0 1 0 0 0 1 0 1 1 0 0 1 1 0 1 1 0 1 1 0 0 1 0 1 1 1 0 0 1 1 1 0 1 1 1 1 0 0 0 0 0 1 0 0 1 1 0 1 1 1 1 0 0 0 1 0 1 0 0 1 0 1 1 1 1 0 1 1 0 1 1 0 1 1 0 1 1 1 0 1 1 1 0 0 1 1 1 1 0 1 1 0
0 0 1 0 0 0 0 1 1 0 0 1 1 0 0 0 0 0 0 0 1 0 0 1 0 0 0 1 0 1 0 1 0 1 1 1 0 0 1 1 0 1 0 0 0 0 1 1 1 0 1 0 1 1 0 1 0 0 0 0 1 0 1 0 1 0 1 1 1 0 0 1 1 0 1 0 0 1 0 0 0 0 0 0 1 0 1 0 1 1 0 0 0 0 1 0 1 1 0 1 1 0 0 0 0 1 0 0 1 0 1 1 0 0 0 0 1 1 1 0 0 0 1 1 0 0 1 1 1 1 0 0 0 0 1 1 1 1 1 1 1 0 1 0 0 1 0 1 0 1 0 0 0 0 1 0 0 0 0 1 0 1 1 1 1 0 1 1 1 1 1 0 1 1 1 0 0 0 1 1 0 0 0 1 0 0 1 1 1 1 0 0 1 1 1 0 1 0 1 0
1 0 0 0 0 1 0 1 0 1 1 0 0 0 1 0 0 1 1 0 0 1 1 0 1 1 0 0 1 0 0 0 0 0 1 0 0 1 0 1 1 0 1 0 0 1 0 1 0 1 1 0 0 1 0 0 1 0 1 0 0 1 0 1 1 1 0 1 0 0 1 1 1 1 1 0 0 1 0 0 0 1 0 1 0 0 0 1 1 1 1 0 1 1 0 0 1 0 1 0 0 0 1 1 0 0 0 1 0 1 0 0 1 1 0 0 0 1 1 1 1 0 1 1 0 1 0 1 1 0 0 0 0 0 0 0 1 0 0 0 1 1 1 0 1 1 0 0 1 0 1 0 1 1 0 0 1 1 1 0 0 0 1 1 0 1 1 0 0 1 1 1 1 1 1 0 1 1 1 1 1 0 0 1 1 1 0 1 0 1 1 1 0 1 0 0 1 1 1 1
1 0 0 1 1 0 0 1 0 1 1 1 1 0 1 1 1 0 1 1 0 1 1 0 0 1 0 1 0 1 0 0 0 0 1 1 0 0 1 0 0 1 1 0 1 0 0 1 1 1 0 0 1 0 0 1 1 0 0 1 1 1 1 0 0 0 1 0 0 1 1 0 0 1 0 0 1 0 1 0 1 0 1 1 1 0 1 1 1 1 1 0 0 0 1 0 0 0 1 0 0 1 1 0 1 1 0 0 0 1 1 1 1 0 0 0 1 1 0 1 0 1 0 0 1 1 1 0 0 1 1 0 0 1 1 0 1 1 1 0 0 0 0 0 1 0 0 1 1 1 1 1 0 0 1 0 1 1 0 0 1 1 0 0 0 0 0 0 1 0 0 1 1 0 1 0 1 1 0 0 0 1 1 0 1 1 1 0 0 1 0 0 1 1 1 0 1 0 1 0
1 1 1 0 1 1 1 0 0 1 0 1 1 1 1 0 1 1 0 0 0 0 0 1 0 0 1 0 0 1 1 0 1 0 1 1 0 1 1 0 0 1 1 0 0 0 0 0 1 1 0 0 1 1 1 0 1 0 1 1 1 1 1 0 0 0 0 1 0 0 1 0 0 0 1 1 1 1 1 1 0 0 1 0 0 1 1 1 0 0 0 1 0 1 0 0 1 1 0 0 0 1 0 0 0 1 0 1 1 1 1 1 0 1 0 0 0 0 1 1 0 0 0 0 0 1 1 1 1 1 0 1 1 1 1 0 1 0 0 0 0 0 1 1 1 1 0 1 1 1 1 0 0 1 1 1 1 0 0 1 0 1 0 1 0 0 1 0 0 0 1 1 0 1 0 0 0 0 1 0 0 0 1 0 1 0 0 0 0 1 0 1 1 1 1 1 0 1 0 1
1 1 1 0 0 1 0 1 1 1 1 1 0 1 1 0 1 1 0 1 1 0 0 1 0 1 1 1 0 1 0 0 0 0 0 1 0 0 0 1 0 0 1 1 1 0 1 0 0 0 0 1 1 1 1 0 0 1 0 1 0 1 0 0 0 1 1 0 0 1 0 1 1 1 0 0 1 0 1 0 0 1 1 1 0 0 1 1 0 1 0 1 1 0 0 0 0 1 1 0 0 1 0 1 0 0 0 0 1 0 0 1 0 0 1 0 1 0 0 0 1 1 1 1 1 1 0 0 1 1 0 1 1 0 1 1 1 1 1 1 1 0 1 0 0 1 0 0 1 0 0 0 1 1 1 0 1 1 1 1 1 1 1 1 1 0 0 0 0 0 1 1 0 1 0 0 1 0 0 1 1 0 0 0 1 1 1 0 0 1 1 0 0 1 0 0 1 0 1 1
1 0 1 0 1 0 0 0 1 1 1 0 1 0 1 0 1 0 0 0 1 0 1 1 1 0 1 1 0 1 0 1 1 1 0 1 1 0 1 0 0 0 0 0 0 1 0 0 0 0 1 1 0 1 1 0 0 0 1 1 1 1 1 1 0 1 0 1 1 0 1 1 1 1 1 0 0 1 1 1 1 1 1 1 1 0 1 1 0 1 1 0 0 1 0 0 0 1 0 0 1 1 1 0 1 1 1 0 0 0 0 1 0 0 1 0 0 1 0 1 0 1 1 1 1 1 0 1 0 0 0 1 1 1 0 0 1 1 1 1 1 1 1 0 1 0 1 1 1 1 1 0 1 1 1 1 0 0 1 1 0 1 0 1 0 1 1 0 1 1 1 1 1 1 0 1 1 1 0 0 0 1 0 0 0 0 1 1 0 1 0 0 1 0 1 0 1 1 1 0
0 1 1 0 1 1 0 0 1 1 0 1 0 0 0 1 0 0 0 0 0 0 1 0 0 0 0 0 0 0 0 1 1 0 0 0 1 0 1 0 1 1 0 0 0 1 1 1 0 0 0 0 0 1 1 1 0 1 1 0 1 1 1 1 0 0 1 1 1 0 0 1 0 1 0 1 1 0 1 1 0 0 1 0 1 0 1 1 0 1 0 1 1 0 1 0 1 0 0 1 1 0 1 0 0 1 0 1 0 1 1 0 0 0 0 0 1 1 1 0 0 1 0 1 0 1 0 0 0 0 1 0 1 1 0 0 1 1 0 0 0 1 0 0 1 0 0 0 0 0 0 1 0 0 0 0 0 0 0 1 1 0 0 0 0 0 1 1 1 0 1 0 1 1 1 0 0 1 1 1 1 0 0 1 1 0 0 0 1 0 0 1 1 1 0 0 1 1 0 1
1 0 0 1 1 0 0 1 1 1 0 0 1 0 0 0 0 1 0 1 1 1 0 0 1 1 0 1 0 1 0 1 1 0 1 0 0 0 1 0 0 0 0 1 0 1 0 0 1 1 0 1 0 1 0 0 1 1 0 1 1 0 1 0 1 0 1 0 0 0 0 1 1 0 1 0 1 1 1 0 1 1 1 0 0 0 1 1 0 0 0 1 0 1 1 0 1 0 0 0 1 1 1 0 1 0 0 0 0 1 0 1 0 0 0 0 0 0 1 1 1 0 1 1 1 0 0 0 0 1 0 1 1 0 0 1 1 0 0 0 1 0 0 0 1 0 1 1 1 0 1 1 1 1 0 0 1 1 0 1 0 1 1 1 1 1 0 1 0 1 0 0 1 1 1 0 1 1 0 0 1 1 1 0 0 1 1 1 1 0 1 0 1 0 0 0 0 1 1 0
0 0 0 1 1 0 1 0 0 0 1 1 0 1 0 0 1 1 0 1 1 0 1 0 0 0 0 1 0 0 0 1 1 1 1 0 0 1 0 1 0 0 0 1 0 0 1 1 0 1 1 1 0 1 1 0 1 0 1 0 0 0 1 1 0 0 1 1 1 1 0 0 0 0 0 1 0 0 0 1 0 1 1 1 0 1 1 0 0 0 1 1 1 0 0 0 1 0 1 1 1 0 1 1 1 1 0 0 0 1 0 1 1 1 1 0 0 1 0 1 1 1 1 1 0 0 1 0 1 0 1 1 1 1 0 0 1 1 0 1 0 1 1 0 0 0 1 1 1 1 1 0 0 0 1 1 1 0 0 0 1 0 1 0 0 1 1 1 0 0 1 0 1 0 0 1 0 0 1 1 1 1 1 1 1 1 1 1 0 0 0 1 1 0 0 1 0 0 0 1
0 1 0 1 0 0 0 0 1 0 1 0 1 1 0 1 0 0 1 0 1 0 1 1 1 1 1 1 1 1 0 1 1 0 0 0 0 1 0 1 1 1 1 0 1 0 0 0 1 0 1 0 0 1 1 1 1 1 0 0 0 1 0 0 0 1 1 1 1 1 0 1 1 1 0 1 1 0 1 0 0 1 1 0 0 1 1 1 0 0 0 0 1 0 0 0 1 0 0 1 1 0 1 1 1 0 0 0 1 0 1 0 1 1 0 0 1 1 0 0 0 0 1 1 1 0 1 1 0 1 0 0 1 0 0 1 1 0 1 1 0 1 0 1 0 1 1 0 0 1 1 1 0 0 1 1 0 1 0 1 0 1 1 0 1 0 0 1 1 0 0 1 1 0 0 0 1 0 1 1 0 0 0 0 1 1 1 0 1 0 1 0 0 0 0 0 0 1 1 0
0 0 0 0 1 1 1 1 1 1 0 0 1 1 0 1 1 0 1 0 0 0 1 1 1 1 1 0 1 0 1 1 1 1 1 1 0 1 0 0 1 0 1 1 1 1 0 0 1 1 1 1 0 0 0 0 1 0 1 1 0 1 1 0 1 1 1 0 0 1 0 1 1 0 1 1 0 1 0 0 1 1 0 0 0 0 0 0 0 0 0 0 1 1 1 1 1 1 1 1 0 0 0 1 0 0 1 0 0 0 0 0 0 0 0 1 0 1 1 0 0 0 0 0 1 1 0 1 1 0 0 1 1 1 1 1 0 0 1 1 1 1 1 0 0 1 1 1 0 0 1 0 1 0 1 0 0 0 0 1 1 0 0 0 1 0 1 0 1 1 1 0 0 1 1 1 1 1 0 1 1 1 0 0 1 1 0 1 1 1 1 1 0 1 1 0 1 1 1 1
0 0 1 0 1 0 1 1 1 0 0 1 1 0 1 0 0 0 1 1 1 1 0 0 1 1 1 1 0 1 1 1 0 1 0 1 1 0 1 0 0 1 1 0 1 1 0 0 0 0 0 0 0 1 1 1 0 0 0 1 1 0 1 0 0 0 0 1 0 1 0 0 0 0 1 0 0 0 1 0 0 0 1 1 1 1 1 1 0 0 0 0 1 0 0 0 1 1 0 1 1 0 0 1 1 1 0 0 0 0 0 0 0 1 1 1 1 1 1 1 1 1 1 0 1 1 1 0 1 1 1 1 1 0 1 0 1 1 1 0 1 0 0 1 1 1 0 0 1 0 0 0 1 1 1 0 1 0 0 0 0 0 0 0 0 0 0 0 0 0 0 0 0 0 1 0 1 0 1 1 1 1 1 1 0 0 1 0 1 1 1 1 0 0 1 1 1 0 1 0
1 0 1 1 1 1 1 0 1 1 0 0 1 1 0 0 1 1 0 1 1 0 1 0 0 0 1 0 1 1 1 0 0 0 1 1 1 0 0 0 1 0 1 0 1 1 0 1 1 0 0 1 1 1 1 0 1 0 1 0 1 0 1 0 1 0 1 0 1 1 1 0 1 0 1 0 1 0 1 1 0 1 1 1 0 0 1 1 1 1 1 1 1 1 1 0 0 0 0 0 1 1 0 1 1 1 0 1 1 0 0 1 1 1 1 1 1 0 1 0 1 1 0 0 0 1 1 1 0 1 0 0 1 0 1 1 0 1 1 0 0 0 0 1 1 1 0 0 0 0 1 0 1 1 0 1 0 1 0 1 1 1 1 1 0 1 0 1 0 1 0 0 0 1 1 1 0 1 1 1 0 0 0 1 0 0 0 1 0 1 1 1 1 0 1 0 1 0 1 0
1 0 0 0 1 1 0 0 1 1 1 1 0 0 0 0 1 1 0 0 1 1 0 0 0 1 0 0 1 0 1 0 1 1 0 1 0 0 0 0 0 1 1 1 0 0 0 1 0 0 0 1 1 1 0 1 1 1 1 0 1 1 0 1 1 1 1 0 0 1 1 0 0 0 0 1 1 0 1 1 1 0 0 0 0 0 0 0 0 0 0 1 1 1 1 1 1 0 0 1 0 0 0 0 0 1 1 1 0 1 1 0 0 1 1 0 0 1 0 1 0 0 0 1 1 1 0 1 0 0 1 1 1 1 0 1 1 1 0 1 0 0 0 1 1 0 0 1 1 0 0 1 0 1 0 1 1 0 1 0 1 0 1 0 0 0 1 1 0 0 0 1 1 0 0 0 1 1 1 1 1 0 0 0 1 0 1 0 0 0 0 0 0 0 1 1 0 1 1 0
0 0 0 0 0 1 0 1 1 1 1 0 1 0 1 1 0 0 1 1 1 0 0 0 1 1 0 1 0 0 1 0 0 1 0 0 0 1 0 1 0 1 0 0 1 1 1 0 0 0 1 0 1 0 1 1 0 1 1 0 0 0 0 0 0 1 0 1 1 1 0 1 0 0 1 1 1 0 0 0 1 1 1 0 1 1 1 0 0 1 1 0 0 0 1 0 1 1 1 1 0 0 0 1 0 1 0 0 1 0 0 1 1 1 1 0 0 0 1 0 0 1 1 1 0 0 0 1 1 1 0 0 1 0 0 1 0 1 0 0 1 0 0 1 0 1 1 1 0 0 1 1 1 0 0 0 1 0 1 1 0 1 1 1 0 1 1 0 1 0 1 1 0 1 0 1 1 0 1 0 0 1 0 0 0 0 1 0 0 0 1 1 1 0 1 0 0 0 1 0
0 1 0 0 1 1 1 1 0 0 1 1 1 0 0 0 1 0 1 1 1 0 1 1 1 0 0 1 1 1 1 0 0 0 1 0 1 0 1 0 0 1 1 1 1 0 1 0 1 0 0 1 0 1 0 0 1 0 1 1 1 1 0 1 0 1 0 0 1 1 1 0 0 0 0 0 1 1 0 1 1 0 0 1 1 0 0 0 1 0 0 1 0 1 0 1 0 1 0 1 1 1 1 0 0 0 0 1 0 1 0 1 1 0 1 1 0 1 1 1 1 0 0 1 1 1 0 1 0 0 1 1 0 0 1 0 0 1 1 0 1 0 0 0 0 0 1 0 1 1 1 1 0 1 0 0 0 1 1 1 0 0 0 1 1 1 1 1 0 0 1 1 1 0 0 0 1 1 1 1 0 0 0 1 0 1 1 0 0 0 1 0 0 0 0 1 1 1 0 0
0 1 1 0 0 0 1 0 1 1 0 0 1 1 0 1 1 0 0 1 0 1 0 0 1 0 0 1 1 0 0 0 1 1 0 0 1 1 0 0 0 1 1 1 0 0 1 1 1 1 0 1 0 0 0 0 0 0 1 0 0 0 1 0 0 0 1 1 0 0 1 0 1 1 1 0 1 0 1 1 1 0 0 1 1 1 0 0 0 0 0 0 0 0 1 1 0 0 1 0 1 1 1 1 1 0 1 0 1 1 0 0 0 1 0 1 1 0 1 1 1 1 1 0 0 0 0 1 0 1 0 1 0 0 0 1 0 1 1 0 1 1 0 0 0 1 0 0 1 1 1 0 1 1 1 1 1 1 1 0 0 1 0 0 0 0 0 1 1 0 0 0 0 0 0 0 0 1 0 0 1 0 0 0 0 1 1 0 1 0 1 0 1 1 0 1 0 1 1 1
0 1 0 0 1 1 0 0 1 1 1 1 1 1 1 1 0 0 0 1 0 1 0 1 0 1 0 1 0 1 1 0 0 0 0 0 0 1 0 0 1 0 0 1 0 1 1 0 0 0 0 1 0 1 0 0 0 0 0 1 0 0 1 1 0 1 1 0 0 0 0 1 0 0 0 1 0 1 0 0 1 1 0 0 1 0 1 1 0 0 1 1 1 1 0 1 0 0 0 0 0 0 1 1 0 1 1 1 1 0 1 0 1 0 1 0 0 0 0 1 1 1 0 0 1 0 1 1 1 1 1 0 0 1 1 1 1 0 1 0 0 1 0 0 0 1 1 1 1 0 1 0 1 1 1 0 1 1 0 1 0 1 1 1 1 0 0 1 1 0 1 0 1 0 1 1 1 0 0 1 0 0 1 0 1 1 0 1 0 1 0 0 1 0 0 1 1 1 1 0
0 0 0 0 1 0 0 0 1 1 1 0 0 0 0 0 0 0 0 1 0 0 0 0 1 0 0 1 0 0 1 1 1 1 1 1 0 0 1 0 1 1 1 0 1 0 0 1 1 0 0 1 0 1 1 0 1 0 0 1 0 1 0 1 0 0 0 1 1 1 1 0 1 0 0 1 1 0 0 1 1 1 1 0 0 0 1 1 0 0 1 1 1 1 1 1 0 0 0 0 0 0 0 1 0 0 0 0 0 0 0 1 0 0 0 0 0 1 1 1 1 0 0 0 0 0 0 1 1 0 1 1 0 0 0 1 1 1 0 1 1 1 0 1 1 0 1 1 1 1 1 0 0 0 1 1 1 0 1 0 0 0 0 1 0 1 0 0 0 0 0 1 1 1 1 1 1 0 1 0 1 1 1 0 0 0 1 0 0 1 1 0 0 0 0 0 0 1 1 1
0 1 1 0 1 1 0 1 0 1 1 0 0 0 1 1 0 0 1 0 1 1 0 1 0 0 1 0 1 0 1 1 0 0 1 0 0 0 1 1 1 1 1 1 0 1 1 1 1 0 0 1 1 1 0 1 0 1 0 0 1 0 0 0 0 1 0 0 0 1 0 0 1 0 1 1 1 1 0 1 1 1 1 0 0 1 0 0 1 0 0 1 1 1 0 0 0 1 1 1 1 0 0 1 0 0 1 0 0 0 0 1 1 0 0 0 0 0 0 1 1 1 0 0 1 0 0 1 0 1 0 1 1 0 0 0 0 0 1 0 0 0 0 1 1 1 0 1 0 1 1 1 1 0 0 1 0 0 1 0 1 1 0 0 1 0 0 1 1 0 0 1 0 0 1 1 0 1 0 0 0 0 0 0 0 0 0 1 1 1 0 0 0 0 1 1 0 1 0 0
0 1 0 1 1 1 1 0 0 0 0 1 0 1 0 1 1 1 0 1 1 1 1 1 0 1 1 1 0 0 1 1 1 0 0 0 0 1 1 1 0 1 1 0 1 1 0 0 0 0 0 1 0 1 0 1 1 0 1 0 1 0 1 0 1 1 1 0 1 0 1 1 0 0 0 0 0 0 0 0 0 1 0 1 1 1 0 1 1 1 1 1 1 0 0 1 0 0 1 0 1 0 1 1 1 0 0 0 1 0 1 1 0 0 0 1 1 1 0 1 1 1 1 1 1 1 0 1 0 1 1 1 0 1 1 1 0 0 0 1 1 0 1 1 0 0 0 0 1 1 1 1 1 0 0 1 0 1 1 0 1 0 1 0 0 1 1 0 0 0 0 1 1 1 1 1 0 1 0 1 1 1 1 1 0 1 0 0 0 0 0 0 1 0 1 0 1 1 1 0
0 0 1 1 1 1 1 1 1 0 0 1 0 0 0 0 0 1 1 1 1 0 1 0 1 1 0 1 0 1 1 0 1 0 0 1 0 1 1 0 0 0 0 0 0 1 0 1 0 0 0 0 1 0 0 1 0 1 0 0 0 0 1 1 0 0 1 1 1 1 0 0 0 0 0 0 1 0 0 1 0 1 0 0 1 1 1 0 0 0 0 1 0 1 1 0 0 1 1 0 1 1 0 0 0 0 1 1 1 0 1 0 0 1 1 0 1 0 1 1 1 0 1 1 1 0 1 0 0 1 1 0 1 0 0 0 0 1 0 1 1 0 1 1 1 1 1 1 1 0 0 1 1 0 1 1 0 0 1 0 1 0 0 1 1 0 0 0 0 0 1 0 0 0 1 1 0 0 0 1 0 0 1 1 0 0 1 0 0 1 0 1 1 1 0 1 1 0 0 1
1 0 1 1 0 1 1 0 0 0 0 0 1 0 1 1 0 1 1 0 1 1 0 0 0 1 1 0 0 0 1 0 1 1 0 0 1 0 0 1 1 0 0 0 1 0 1 1 1 1 1 1 1 1 0 1 0 0 0 0 0 1 0 1 0 0 1 0 1 1 1 1 0 1 0 0 1 0 1 0 1 0 1 0 0 0 0 0 0 1 0 0 1 0 0 0 0 1 0 1 0 0 1 0 1 1 1 0 1 1 0 1 0 1 1 0 0 1 0 1 0 0 0 0 1 1 0 0 1 1 0 1 0 1 0 0 0 0 1 0 0 1 1 0 1 1 1 0 1 1 1 1 1 0 1 0 0 0 1 0 1 0 1 1 1 0 0 1 0 1 0 1 0 1 1 0 0 1 1 0 0 1 0 0 1 1 1 1 0 0 1 0 1 1 0 0 1 0 1 0
0 0 1 0 1 1 1 1 0 1 1 1 0 0 1 1 1 1 0 0 0 0 0 1 1 0 0 0 0 0 0 1 0 0 1 1 1 0 0 0 1 0 1 0 0 0 0 0 0 1 1 0 1 1 0 0 0 0 0 0 0 1 1 0 1 0 1 1 0 0 0 1 0 1 1 1 1 1 1 0 0 1 1 0 1 0 1 1 1 1 0 0 1 0 1 1 1 0 0 0 0 0 0 1 1 1 0 0 1 1 1 0 1 1 1 1 1 1 1 0 1 0 1 1 1 1 0 1 1 1 0 1 0 0 0 1 0 1 1 1 0 0 0 1 0 1 1 1 1 0 1 0 0 0 0 0 1 0 1 1 1 0 1 1 1 0 1 0 0 0 0 0 0 1 1 0 1 0 1 1 0 0 0 1 1 1 1 0 0 0 0 1 1 0 1 1 0 1 0 1
1 0 1 1 1 0 1 1 0 0 1 1 0 0 0 1 1 1 0 0 1 1 0 1 1 1 0 1 1 0 1 0 0 1 1 0 0 0 1 1 0 0 0 1 0 0 1 0 0 1 1 0 0 0 1 0 1 0 1 0 1 0 1 1 1 1 1 1 1 1 1 1 1 0 1 1 1 0 1 0 0 1 0 1 1 0 1 0 0 0 1 0 0 1 1 0 0 1 0 1 0 1 0 1 0 1 0 1 0 1 0 1 1 0 1 0 1 1 0 0 1 0 0 0 1 1 1 0 0 1 1 1 1 1 1 0 1 1 1 1 0 1 0 0 0 1 1 1 1 0 0 0 1 0 0 1 1 0 0 1 1 1 1 0 1 0 0 0 0 1 0 1 0 0 0 0 1 1 1 0 1 0 1 1 1 1 0 0 0 0 0 1 0 0 1 0 1 1 0 1
1 0 1 0 0 0 0 0 0 1 1 1 0 0 0 0 0 1 1 1 0 1 0 0 0 0 1 0 0 0 1 0 0 1 1 1 0 0 1 1 1 1 1 1 1 0 0 1 1 1 1 1 1 1 1 0 1 1 1 1 1 0 0 1 0 0 0 1 1 1 1 1 0 0 1 1 0 1 0 0 1 0 0 0 1 1 1 0 1 1 1 0 1 0 1 1 0 1 1 0 1 1 1 1 0 0 1 1 1 0 1 0 1 0 0 0 0 1 0 0 1 1 1 0 0 0 1 0 0 0 1 0 1 0 0 1 0 1 0 1 0 0 1 1 0 1 1 1 0 0 0 0 1 1 0 0 0 1 1 1 0 1 1 0 0 1 0 1 1 0 0 1 0 0 1 0 1 1 0 1 1 0 0 0 0 0 1 0 0 0 1 0 1 1 0 0 0 1 1 0
1 0 0 0 0 1 1 1 0 1 1 1 0 0 0 1 1 0 0 0 1 1 0 0 0 1 1 1 1 1 1 1 0 1 1 1 1 1 1 0 1 0 1 1 1 1 1 1 1 1 1 0 1 0 0 0 1 0 1 1 1 0 0 0 1 0 1 0 0 1 1 0 0 1 0 1 0 1 1 0 1 0 0 0 1 1 0 1 1 1 1 1 0 1 1 1 0 0 1 0 0 1 1 0 1 1 0 1 1 0 0 0 1 0 0 0 0 0 1 0 1 1 1 1 0 0 0 1 0 0 1 1 0 1 0 0 0 0 1 1 1 1 0 1 1 1 0 1 1 1 1 1 1 1 0 0 1 0 1 1 0 1 0 1 0 0 1 1 1 0 0 0 0 0 1 1 0 0 0 1 0 1 1 0 1 1 0 0 0 1 0 0 0 1 1 1 1 0 1 0
0 1 1 1 0 1 1 1 1 1 0 1 1 1 0 0 0 1 1 0 0 0 0 1 0 0 1 0 1 1 1 0 1 0 1 1 1 1 0 0 1 1 0 1 0 1 1 0 1 0 1 1 1 0 0 0 1 1 1 0 1 1 0 1 0 0 0 1 1 0 0 0 1 0 1 0 0 1 1 1 1 1 0 1 0 1 1 0 0 1 1 1 1 1 1 0 0 1 0 1 1 0 1 1 0 1 1 0 0 1 1 0 1 1 0 0 1 1 1 1 1 1 0 0 1 0 1 1 0 1 1 0 1 1 1 0 0 0 1 0 1 1 0 0 0 1 0 1 1 0 1 1 0 0 0 0 1 1 0 1 1 0 1 1 0 0 1 1 1 1 1 1 0 0 0 0 0 1 0 1 0 0 1 0 0 0 1 1 0 1 1 0 0 0 1 0 0 1 0 0
1 0 0 0 0 0 1 0 0 1 1 0 0 0 0 0 0 0 1 1 1 0 1 0 0 1 1 0 1 0 1 0 1 0 1 1 0 1 0 0 1 0 1 1 0 0 0 0 0 1 0 0 1 1 0 0 1 1 0 1 1 0 1 1 1 0 0 1 0 1 0 1 1 1 0 0 0 1 0 1 1 0 1 1 1 0 1 0 1 0 0 1 1 1 0 1 1 1 1 1 0 0 1 0 1 0 1 0 0 0 1 1 1 0 1 0 0 1 0 0 0 0 0 1 0 1 1 1 0 0 0 0 0 0 1 0 0 0 0 1 0 0 1 1 0 1 0 1 1 1 1 1 1 0 0 0 0 1 0 1 0 1 0 1 1 1 0 0 0 1 1 1 1 0 1 0 1 1 0 0 0 1 1 0 1 1 0 1 0 1 1 1 1 1 1 1 1 0 1 1
0 0 0 0 0 1 0 1 1 0 0 0 0 0 1 0 0 1 0 1 0 0 1 0 1 1 0 0 0 1 1 0 1 1 0 0 0 0 0 0 1 0 1 0 0 1 0 1 1 1 1 1 1 0 1 0 1 0 1 0 0 0 0 1 0 1 0 0 1 0 0 0 0 1 0 0 0 1 1 0 1 0 0 0 1 1 1 0 0 1 1 1 1 1 0 1 1 1 0 1 1 0 1 1 0 0 0 1 0 0 1 1 1 1 0 1 0 1 0 1 1 1 0 1 1 0 1 0 0 1 1 0 1 1 1 0 1 1 0 0 1 0 0 1 0 0 0 0 1 1 1 1 0 0 0 1 0 1 0 1 1 0 1 0 1 1 0 0 1 1 0 1 0 0 0 1 1 1 1 0 0 0 1 1 1 0 1 0 0 1 0 1 0 0 0 1 1 1 1 1
0 1 0 1 0 1 1 1 0 0 0 0 1 0 0 1 0 0 0 0 1 0 1 1 0 1 0 0 0 0 1 0 0 1 0 0 0 0 1 0 1 1 1 0 1 1 1 0 0 0 1 0 0 0 1 0 0 1 0 0 0 1 0 1 1 0 1 0 1 1 1 1 1 1 1 1 0 1 0 1 0 0 0 1 0 0 1 1 0 1 1 0 1 0 0 1 0 1 0 1 1 0 0 0 0 0 0 0 1 1 0 0 0 0 1 0 1 1 1 1 0 1 1 1 1 1 1 0 1 0 1 0 0 1 0 0 1 1 1 1 0 1 1 1 1 0 1 0 0 1 0 1 1 1 0 0 0 0 0 1 0 0 1 1 1 1 0 1 1 0 1 1 1 1 1 1 0 0 1 0 1 0 0 0 1 1 1 0 0 1 1 1 1 0 1 1 0 0 1 1
1 1 1 0 0 1 1 1 0 0 0 0 1 0 1 1 1 1 1 1 0 0 1 0 0 1 0 0 1 0 0 1 0 1 1 0 0 0 1 1 1 0 0 0 1 1 1 1 1 0 1 0 1 1 0 1 0 0 0 0 0 1 0 1 1 0 1 1 0 0 1 0 1 1 1 0 0 0 1 1 0 1 1 0 1 0 0 1 0 1 1 0 1 0 0 1 1 1 0 1 0 1 1 1 0 1 0 0 1 0 0 1 1 1 0 1 0 0 1 0 1 1 0 1 0 1 1 0 0 0 0 1 1 1 1 1 0 0 0 0 1 0 1 1 1 0 0 1 0 0 1 0 0 1 1 0 1 1 1 1 0 1 1 0 1 0 1 1 0 1 0 1 1 0 0 0 1 1 0 1 0 1 0 1 0 1 0 0 0 1 0 1 1 0 1 0 1 0 1 0
0 1 1 1 1 0 0 0 0 0 0 0 0 0 1 0 0 1 0 1 1 0 1 0 0 1 1 0 1 1 1 1 0 0 0 0 1 0 1 0 0 0 0 0 0 0 1 1 1 0 0 1 0 0 0 1 0 0 1 0 0 0 1 0 0 0 1 1 0 0 0 1 0 1 0 0 1 1 1 0 1 0 1 0 0 1 1 1 0 1 1 1 0 1 1 1 1 0 1 0 1 1 1 1 0 0 1 0 0 1 0 0 1 1 0 0 0 1 1 1 0 0 0 1 1 1 0 1 1 0 1 1 0 0 1 0 1 1 0 0 1 0 0 0 1 1 1 1 1 0 1 1 1 1 0 0 1 1 1 1 0 1 1 1 0 0 0 0 1 1 0 1 1 1 0 0 0 0 1 1 0 0 0 0 0 0 1 1 1 1 1 1 0 0 1 0 1 1 1 0
0 1 0 1 1 1 1 0 0 0 1 1 0 0 0 1 1 0 0 1 1 0 1 1 0 0 0 0 1 1 0 1 1 0 1 1 0 0 0 1 1 0 1 1 1 0 1 1 1 1 0 1 1 0 0 0 1 1 0 0 1 1 0 0 0 1 1 1 0 0 0 1 0 1 0 1 0 0 0 1 1 1 1 1 0 1 0 1 1 1 1 0 0 0 1 1 0 0 0 0 1 0 1 0 1 1 1 1 1 1 1 1 1 0 1 1 1 1 0 0 1 0 0 0 1 0 0 1 0 1 0 0 0 1 0 0 1 0 0 0 0 0 1 0 1 1 1 1 0 1 0 1 1 1 1 1 0 1 1 1 1 0 1 0 0 0 0 0 1 1 1 0 0 0 1 1 0 1 1 0 1 1 0 1 1 0 1 1 1 1 1 0 1 1 1 0 1 0 0 0
1 1 1 1 0 1 0 1 1 1 0 0 1 0 1 1 0 0 1 1 0 0 0 1 0 1 0 0 0 0 0 1 0 1 0 0 0 0 1 1 0 1 0 0 0 0 1 0 1 1 1 1 0 0 1 1 0 0 1 0 1 0 0 0 0 0 0 1 1 0 1 0 1 0 1 0 0 1 1 1 0 0 1 1 1 1 0 0 0 0 0 0 1 1 1 0 0 1 1 1 1 0 0 0 1 1 0 1 1 1 1 1 1 0 0 0 0 1 1 1 0 0 1 1 1 1 1 1 0 0 0 1 0 1 0 1 1 1 0 0 1 0 1 1 1 1 0 1 1 0 0 0 0 0 1 1 0 1 1 1 1 1 0 0 1 0 0 0 0 0 1 0 1 1 0 0 0 1 1 0 1 1 0 0 1 0 0 0 0 1 1 0 0 0 1 1 0 0 0 1
0 0 0 1 0 0 1 0 0 1 0 1 1 1 0 1 0 1 1 1 0 0 0 0 0 1 1 1 0 1 1 1 1 1 1 1 1 0 0 0 0 1 0 1 1 1 0 1 1 1 0 0 1 0 1 1 0 1 0 1 1 0 0 1 0 1 1 0 1 1 0 1 0 0 0 1 0 0 1 1 0 1 1 0 0 1 0 0 1 1 1 0 1 0 0 1 0 0 1 0 0 1 1 0 0 0 1 1 1 1 0 0 1 0 0 0 1 1 1 1 0 1 1 1 0 1 0 0 0 0 0 1 0 0 1 1 1 1 0 1 1 0 0 0 0 0 0 0 0 0 1 1 1 0 1 1 0 1 0 0 1 1 1 0 1 1 1 1 0 1 1 0 0 1 0 0 0 1 1 1 0 1 0 1 0 0 1 0 1 0 0 0 1 0 1 0 0 1 1 0
1 0 1 0 1 1 0 0 0 0 0 1 0 1 0 1 0 1 1 0 1 0 0 1 1 1 0 0 1 1 1 0 1 1 0 0 1 1 1 0 0 0 1 1 1 0 0 1 1 0 1 0 1 0 1 1 0 1 1 1 1 0 0 0 1 0 0 0 1 1 0 1 1 0 0 1 1 0 1 1 0 1 1 0 0 1 0 1 1 0 1 0 0 0 0 0 0 0 1 1 1 0 0 1 1 1 0 0 1 1 1 1 1 0 0 0 1 1 0 0 1 0 0 0 1 0 1 0 1 1 0 0 1 1 1 1 1 0 0 1 1 0 1 1 0 0 0 0 1 1 1 1 1 0 0 0 1 0 1 0 0 0 1 0 1 1 1 0 0 0 0 1 1 1 0 1 1 1 0 0 1 0 1 1 1 1 0 0 1 0 0 0 0 0 0 1 0 0 0 0
1 1 0 1 0 1 0 0 1 0 0 0 1 0 1 1 0 0 1 0 1 1 0 1 0 1 0 1 1 1 0 1 1 1 1 1 1 1 0 1 0 0 0 0 0 0 0 0 1 1 1 0 0 1 0 1 0 1 1 0 1 0 1 1 0 1 0 1 1 1 1 0 0 0 0 1 0 0 0 1 1 0 0 1 1 0 1 1 1 1 0 0 1 0 0 0 0 0 0 0 0 0 0 0 1 1 1 1 0 1 0 1 1 1 1 0 0 0 1 1 0 1 1 0 0 0 1 1 1 1 1 1 1 1 1 1 1 0 0 0 0 0 0 1 0 0 0 0 1 0 1 0 0 0 0 0 1 1 0 1 1 0 0 1 1 1 0 0 1 0 0 0 0 0 0 0 1 0 1 1 0 1 0 0 0 0 1 1 0 0 0 1 1 1 0 0 0 1 0 0
0 1 0 0 1 0 0 0 0 0 0 0 0 1 1 1 0 0 0 0 0 1 1 1 0 1 0 1 1 1 1 1 1 0 0 1 0 0 0 0 0 0 1 1 0 1 0 0 1 1 1 0 0 1 0 0 1 1 1 1 1 1 1 1 1 1 1 0 1 1 0 1 0 1 1 0 1 0 0 1 0 0 1 1 0 0 1 0 0 1 0 0 1 1 0 1 0 1 0 0 1 0 0 0 1 0 0 1 1 0 0 1 1 0 0 0 0 1 1 1 1 1 1 1 1 0 0 1 1 0 1 1 1 1 0 1 1 1 1 0 0 1 1 0 0 1 1 1 1 1 1 0 0 0 0 0 1 1 1 0 1 0 1 0 0 1 0 0 1 0 1 1 1 0 1 1 1 0 0 1 1 0 0 1 1 0 1 0 1 0 0 1 0 1 1 1 0 0 1 0
1 0 0 1 1 0 1 1 1 0 0 1 0 0 1 1 1 0 0 0 1 0 1 0 0 0 1 1 1 0 1 1 0 1 1 1 1 1 0 1 1 1 1 1 0 1 1 1 1 1 1 0 0 0 0 0 0 0 0 0 1 0 0 0 1 1 1 0 0 0 1 0 0 0 1 0 0 0 1 1 0 1 1 0 1 0 1 1 0 0 0 0 1 0 0 1 0 1 0 0 0 0 0 0 0 0 0 1 0 0 0 0 1 0 0 0 0 0 0 1 1 0 0 1 1 0 0 0 1 0 0 0 0 0 1 1 0 0 0 0 1 0 1 0 0 1 1 0 1 1 1 1 0 1 0 0 1 0 1 1 0 0 0 0 1 0 0 1 1 1 1 0 1 0 1 1 0 1 1 0 0 1 0 0 1 1 1 1 0 0 0 0 0 0 1 1 1 0 1 0
0 0 0 0 0 1 1 0 0 1 1 0 1 1 1 1 1 1 0 0 0 1 0 0 1 0 0 0 1 0 0 1 1 1 0 1 1 0 0 0 1 1 1 1 0 0 1 0 1 1 0 1 0 0 1 1 1 0 1 1 0 1 1 0 1 1 0 0 0 1 0 1 1 0 0 0 0 0 1 0 1 0 1 0 1 1 1 1 1 0 0 1 1 1 1 1 0 0 0 1 1 1 1 0 1 0 0 0 0 0 0 1 0 0 1 0 1 0 0 0 0 0 0 0 0 0 0 1 0 0 0 1 0 1 1 0 1 0 1 1 1 1 1 0 0 0 1 0 0 1 0 1 0 1 0 0 0 1 0 0 1 1 1 1 0 0 1 0 1 1 0 1 0 1 1 1 1 1 1 1 1 1 0 0 1 1 0 1 0 1 1 1 0 0 0 1 1 1 0 1
0 1 1 1 0 0 0 1 0 1 0 1 1 1 0 0 0 0 1 0 0 1 1 1 1 0 1 1 0 0 0 1 0 0 1 1 1 0 1 0 1 1 1 1 0 1 1 0 0 1 1 1 0 0 1 1 1 1 1 0 0 1 0 0 0 1 0 0 0 0 0 0 0 0 0 1 0 1 0 0 0 0 1 0 1 1 1 1 1 0 1 0 0 1 1 1 1 1 0 0 0 1 1 1 0 0 0 0 1 1 1 1 1 1 1 1 0 0 0 1 0 1 0 0 0 0 0 1 0 0 1 0 1 1 0 0 0 1 1 0 1 1 0 1 1 1 1 1 0 1 1 1 0 0 1 1 0 0 0 1 1 0 1 0 0 1 0 0 0 0 0 1 0 1 0 0 0 1 0 1 1 0 0 0 0 0 0 0 1 0 1 0 1 1 0 1 1 1 0 0
1 0 1 1 0 1 0 0 1 0 0 1 0 1 0 1 1 1 0 1 0 1 1 1 1 1 1 1 0 1 1 1 0 0 1 1 1 1 1 1 0 0 0 1 1 1 1 1 0 1 1 0 1 1 1 0 0 0 0 0 0 1 0 0 0 0 0 1 1 1 1 1 0 1 0 0 1 0 1 0 1 1 1 0 0 1 0 1 1 1 1 1 1 0 0 0 1 0 0 1 0 1 0 1 1 0 1 1 1 0 1 0 0 0 1 0 1 0 0 0 0 1 0 0 1 0 1 1 1 0 1 1 1 1 0 1 1 0 0 0 1 1 1 0 1 0 1 1 0 1 0 0 1 1 0 0 0 1 0 1 1 1 1 1 0 1 0 1 1 1 1 1 1 0 1 1 1 1 0 1 1 1 1 0 1 0 1 0 1 0 1 0 0 1 0 0 1 1 0 0
0 0 1 1 0 1 0 1 1 1 0 0 0 1 0 0 1 0 1 1 1 1 1 0 1 1 1 0 0 1 1 0 0 0 1 1 1 1 1 0 1 1 1 1 1 0 0 1 1 0 0 1 0 1 1 0 0 1 1 1 1 0 0 0 0 0 1 1 0 0 1 0 1 0 1 1 1 0 1 0 0 0 1 1 0 0 0 0 1 1 1 0 0 0 1 1 1 0 0 1 1 1 0 0 1 0 0 0 1 1 1 0 0 1 0 0 0 1 0 0 0 0 0 1 0 1 1 0 0 0 1 0 0 1 1 0 1 1 0 1 0 1 1 1 1 0 1 0 1 1 1 1 0 1 0 0 1 0 1 1 1 0 0 0 0 0 0 0 1 1 1 1 1 0 0 0 1 1 1 1 1 1 1 1 1 1 0 0 0 1 0 0 1 1 0 1 1 0 0 0
1 1 0 0 0 0 0 1 0 0 0 1 1 0 0 1 1 0 1 0 1 0 0 0 1 0 0 0 1 0 0 0 0 0 0 1 0 1 0 1 0 0 1 1 1 0 0 0 1 0 0 1 0 0 1 1 0 0 1 1 1 1 0 1 0 1 1 0 0 0 1 0 1 0 1 0 1 0 0 1 1 0 0 1 1 1 0 0 0 0 0 1 1 1 1 1 0 1 1 0 0 0 1 0 0 1 1 1 0 1 1 0 1 1 0 1 1 0 0 1 0 1 0 1 1 1 0 1 0 1 1 0 1 1 0 1 0 0 1 0 0 0 1 0 0 0 1 1 1 1 1 1 0 1 1 1 1 0 1 0 0 1 1 0 1 0 0 1 1 1 0 0 1 1 1 1 0 1 1 0 1 1 1 1 0 0 0 0 0 1 1 1 1 0 0 1 0 1 0 0
1 1 1 1 0 1 0 1 0 1 0 0 1 1 1 0 1 1 1 1 0 1 0 0 1 0 0 0 1 0 1 1 0 1 0 1 1 0 1 1 1 0 1 1 1 1 1 0 0 0 0 1 1 0 0 1 0 1 1 0 0 0 1 0 0 1 0 1 0 1 1 0 0 0 1 1 0 0 1 1 0 1 0 1 0 1 1 0 1 0 1 1 0 1 1 0 0 1 1 0 0 1 0 1 0 1 1 1 1 1 1 1 1 0 0 0 1 1 0 1 0 1 1 0 1 0 0 1 1 1 0 0 1 1 0 0 1 1 1 0 0 0 0 1 1 0 0 1 1 0 0 1 1 1 0 0 0 0 1 0 1 0 0 1 1 1 1 0 1 0 0 0 1 0 1 1 1 0 0 0 0 0 1 1 0 0 0 0 1 1 0 1 0 1 0 1 0 1 1 1
0 0 1 1 1 0 1 0 1 0 1 1 0 0 1 1 1 1 1 0 0 1 0 0 1 1 0 1 1 1 1 0 1 1 0 1 1 1 0 0 0 1 1 1 1 0 0 1 1 1 0 0 0 0 1 0 1 0 0 1 0 1 0 0 1 0 1 1 0 1 1 0 0 1 1 1 1 1 0 1 0 0 0 0 0 0 0 0 1 1 0 0 0 1 1 0 0 1 1 0 0 0 0 1 0 0 0 0 0 0 1 0 1 1 1 0 0 1 1 0 1 0 0 1 1 1 1 1 0 1 1 0 1 1 1 1 0 1 1 0 0 1 1 0 0 1 0 1 1 0 0 1 1 1 0 0 1 1 1 1 1 0 1 1 1 1 1 1 0 0 1 1 1 1 1 1 1 0 0 0 1 1 0 0 1 1 0 0 1 1 0 1 0 0 0 0 0 0 0 1
1 0 0 0 0 1 1 1 1 0 0 0 1 0 0 1 1 1 0 1 1 1 1 1 0 1 0 1 1 0 1 1 1 1 0 1 0 0 1 1 0 0 1 0 1 0 1 0 1 0 0 0 1 1 1 1 1 1 1 0 0 0 0 0 0 0 0 1 1 1 1 1 0 1 0 1 1 1 0 0 0 1 1 1 0 0 1 0 1 1 1 1 1 1 0 1 0 0 0 0 0 1 1 0 1 1 1 1 0 0 0 1 1 1 1 1 0 0 1 1 1 0 1 1 1 1 1 0 0 0 0 1 0 0 0 0 0 0 0 0 0 0 1 0 0 1 0 1 0 1 1 1 1 1 1 0 1 1 1 1 1 1 0 0 0 0 0 1 0 0 1 0 1 1 0 0 0 0 1 1 1 1 0 0 1 0 1 0 0 0 1 1 0 0 1 0 0 1 1 1
0 0 0 0 0 0 1 1 0 1 0 1 0 0 1 1 0 1 1 1 1 0 1 0 1 1 1 1 0 0 0 0 1 1 1 1 1 1 0 1 0 1 0 0 1 0 1 1 0 1 0 1 1 0 0 1 0 1 1 0 0 1 1 0 1 0 1 0 0 1 0 0 1 0 1 1 1 1 1 0 1 1 0 0 1 0 1 0 1 0 0 0 0 0 0 0 1 1 0 1 1 1 1 1 1 0 0 1 0 1 1 0 0 0 1 1 0 0 0 1 1 0 1 1 0 0 1 0 1 1 1 1 1 0 0 1 0 1 0 1 0 1 0 0 1 1 0 1 0 0 1 0 1 1 1 1 1 1 0 0 1 0 1 0 1 0 1 0 1 0 1 0 0 1 1 1 0 0 1 1 1 1 1 0 1 1 0 0 0 1 1 1 1 1 0 0 1 1 0 0
1 0 1 0 0 1 0 0 0 1 0 1 1 1 0 1 1 1 0 0 0 0 0 0 0 1 0 0 1 0 0 1 1 1 1 0 0 1 1 1 1 1 1 0 0 0 0 0 0 1 1 1 0 1 0 1 1 0 0 1 1 0 0 0 1 1 1 0 0 0 1 1 0 1 1 1 0 1 1 1 0 0 1 1 1 0 0 0 1 0 1 1 0 1 0 0 0 0 0 1 1 0 1 1 1 1 0 0 1 0 0 1 0 1 1 0 1 0 0 0 1 0 0 1 1 1 0 0 1 1 1 1 0 0 0 0 0 1 0 0 0 1 1 1 1 0 1 1 0 1 1 1 0 1 1 1 1 1 1 0 0 1 1 1 0 0 0 1 1 1 0 0 1 1 0 1 0 0 1 0 0 1 0 0 0 0 0 0 0 0 1 0 0 0 1 0 0 0 1 1
1 0 1 1 1 1 0 0 0 0 0 1 0 1 0 0 0 1 0 1 0 0 1 1 0 0 1 1 0 1 0 1 1 1 0 1 1 1 0 1 0 1 1 0 1 0 1 1 1 1 1 0 0 1 1 0 1 1 0 0 0 0 1 0 0 0 0 1 1 1 1 1 1 0 0 0 0 1 1 1 1 1 1 0 0 0 1 0 0 0 1 0 0 1 0 0 0 0 0 1 0 0 1 1 0 1 1 0 1 1 0 1 0 1 0 0 1 1 0 1 1 1 0 1 1 1 1 0 0 0 1 0 1 0 1 0 0 0 0 0 1 0 1 0 1 0 1 1 0 1 0 1 0 0 1 1 1 0 0 0 1 0 1 0 1 1 1 1 1 1 1 1 1 0 1 0 1 1 1 0 0 1 0 1 0 1 1 1 1 1 1 0 1 0 0 0 0 1 1 1
0 1 1 1 0 1 1 1 0 0 0 1 0 1 1 0 1 1 0 1 0 0 1 0 0 0 0 1 1 1 0 0 0 0 0 1 1 0 1 1 1 1 0 1 0 1 1 0 0 0 0 1 1 1 0 0 0 1 0 1 0 0 1 1 0 1 1 0 0 1 1 1 1 1 0 0 0 1 0 0 0 0 1 1 1 1 0 1 0 0 0 0 1 0 1 1 1 0 1 0 0 0 0 0 0 1 0 0 0 1 1 1 1 1 1 1 0 0 0 1 0 0 0 1 1 1 1 1 1 1 0 0 0 0 1 1 1 1 0 0 0 0 0 1 0 1 1 0 0 1 0 0 1 0 1 0 0 1 0 0 1 0 1 0 1 1 1 1 1 1 0 0 1 0 1 1 0 1 1 0 1 1 0 0 0 0 1 0 0 0 1 1 1 0 1 1 1 1 1 1
1 0 1 1 0 1 0 1 1 1 0 1 1 0 1 0 1 0 0 0 1 1 0 1 0 1 1 0 1 0 0 0 1 1 0 0 1 1 1 0 1 1 1 1 1 0 1 1 0 0 0 1 1 1 1 0 0 1 1 1 0 0 1 1 0 1 0 0 1 1 1 1 0 1 0 0 1 0 1 1 1 1 1 1 0 1 1 1 0 0 1 0 1 1 0 1 1 1 1 0 1 0 0 1 1 1 1 0 1 1 0 1 1 0 0 1 0 1 1 0 0 0 1 0 0 1 0 0 0 0 0 0 0 1 0 1 1 1 0 0 1 1 1 0 1 0 0 0 1 1 1 1 0 1 1 1 1 1 0 1 1 1 0 1 1 0 1 1 1 1 1 0 0 0 1 0 1 1 1 1 0 0 1 1 1 0 1 1 0 0 1 1 1 0 0 1 1 0 0 1
0 0 0 1 0 1 0 0 0 0 0 0 0 0 1 0 0 1 0 1 0 0 0 1 1 1 1 0 1 1 0 0 0 1 0 1 1 0 1 1 0 1 0 1 1 1 1 1 0 1 0 1 0 0 1 0 1 0 1 1 1 0 0 0 1 0 0 1 1 0 0 0 0 0 0 1 1 1 0 0 1 0 0 0 1 0 1 0 1 0 0 1 0 1 0 0 0 1 0 1 0 1 1 1 1 0 1 0 0 0 1 0 1 1 0 0 1 1 0 0 0 1 1 0 1 0 0 0 1 0 1 1 1 1 1 0 1 1 0 0 1 1 1 0 0 0 1 1 0 0 1 0 1 1 1 1 1 1 0 1 1 1 1 1 1 1 1 1 1 1 1 0 0 1 0 1 1 1 1 1 1 1 1 0 0 1 1 1 0 0 1 0 0 1 1 1 1 1 0 1
1 0 0 0 0 1 1 0 1 0 1 1 0 0 0 1 1 1 1 1 0 0 1 0 0 0 1 1 0 1 1 1 0 0 1 0 0 1 1 1 1 0 1 0 1 0 1 0 1 0 1 1 0 0 0 1 1 0 1 1 0 1 0 0 0 0 0 1 1 1 1 0 0 0 0 1 1 1 0 1 1 1 1 0 1 0 1 1 0 0 1 0 0 0 1 0 0 0 1 1 1 0 0 0 1 0 1 0 1 0 0 1 1 1 1 0 1 0 0 0 0 0 1 0 0 1 0 0 1 1 1 1 0 1 0 1 1 1 0 1 1 0 0 0 1 0 0 0 1 0 1 0 0 1 1 1 1 0 1 1 0 0 0 1 1 1 0 1 0 1 0 1 1 1 0 1 1 1 0 1 1 0 0 0 1 0 1 1 1 0 1 1 1 1 0 0 0 0 0 1
0 1 1 1 1 1 1 0 0 1 0 1 1 1 1 1 1 1 0 0 0 0 1 0 1 1 1 1 1 1 1 0 0 1 1 1 1 1 1 1 1 0 0 1 0 0 1 0 0 0 1 1 0 1 1 0 1 0 0 1 1 1 0 1 1 1 0 0 1 1 0 1 0 0 1 0 1 1 0 1 1 1 0 0 0 0 1 0 1 1 0 1 0 1 0 0 0 0 1 0 1 0 1 0 1 0 1 0 0 0 1 1 1 1 0 0 1 0 1 0 0 1 0 1 1 0 0 0 0 0 0 1 0 1 0 1 0 1 0 1 0 0 0 1 1 0 1 0 1 0 1 1 0 1 1 0 1 0 0 1 1 1 1 0 1 1 1 1 0 1 1 0 0 0 1 1 1 1 0 0 0 1 1 1 1 1 0 0 0 0 0 0 1 1 1 0 0 1 0 1
0 1 0 1 1 1 1 0 0 0 0 0 0 0 0 1 1 1 1 0 1 1 0 0 0 1 1 1 0 1 1 1 0 1 0 0 1 1 0 0 1 1 0 1 0 0 1 0 1 0 1 0 1 0 1 1 0 1 1 0 0 1 1 1 1 0 1 1 1 1 0 1 1 0 0 1 1 1 1 0 0 1 0 1 0 0 1 1 0 0 1 0 0 0 1 0 0 1 1 1 0 1 0 0 0 0 1 1 0 1 0 1 0 1 1 1 1 0 0 0 0 0 0 1 1 0 0 1 1 1 1 0 1 1 0 1 1 0 0 0 1 0 1 0 1 0 1 1 0 0 1 0 1 0 1 1 1 0 0 0 1 1 1 1 0 1 0 0 0 1 0 1 0 0 0 0 1 0 0 1 0 1 0 1 1 1 1 1 0 1 0 1 1 1 1 0 1 0 1 1
1 0 0 1 0 1 0 1 0 0 0 1 0 0 0 0 1 1 1 1 0 0 0 0 0 0 0 1 1 0 0 0 0 0 0 0 1 0 1 0 1 1 1 1 0 0 0 0 1 1 0 0 0 0 0 1 1 0 1 0 1 0 1 1 0 0 1 1 0 1 1 0 0 0 1 1 0 0 0 1 1 1 1 1 1 0 0 1 0 0 1 1 0 1 0 1 0 1 1 0 0 0 1 0 1 1 0 1 1 1 1 0 1 0 1 1 1 1 0 0 0 0 1 0 1 1 1 1 0 1 0 1 1 1 1 0 0 0 0 0 1 1 0 1 1 0 1 1 0 1 1 1 0 0 1 1 1 0 1 0 0 1 0 0 0 1 0 0 1 0 1 0 0 1 1 0 0 0 0 0 0 1 1 0 0 1 0 0 1 0 0 1 1 0 0 1 0 1 1 1
0 1 0 1 1 1 1 1 1 0 1 0 0 1 0 0 1 0 0 1 0 0 1 0 1 1 0 1 0 0 0 0 0 1 1 0 0 0 1 1 0 1 1 1 1 1 1 0 0 0 1 0 1 0 1 1 1 0 0 1 1 0 1 1 1 0 1 0 1 0 0 0 1 0 0 0 0 0 1 1 1 0 1 0 0 1 1 1 1 1 0 1 1 1 1 0 1 0 1 1 1 0 0 0 1 0 0 1 0 1 1 1 1 0 1 1 0 0 0 0 1 1 1 1 0 1 0 1 0 0 1 1 1 0 0 1 0 0 1 0 0 0 1 1 1 1 0 1 0 0 1 1 0 0 1 1 0 1 0 0 0 1 1 0 1 1 1 1 1 0 0 0 1 0 1 0 0 0 1 1 0 0 1 1 0 0 1 1 1 0 1 1 1 0 0 1 1 0 0 0
1 1 0 0 1 1 0 0 1 1 0 0 1 1 1 1 0 1 1 1 1 1 1 0 0 0 1 0 0 1 1 0 0 1 1 0 0 1 0 0 1 0 1 0 0 0 1 1 0 0 0 1 1 0 1 1 1 0 1 0 0 0 1 1 0 0 1 1 0 1 0 1 1 0 0 1 0 0 1 0 0 0 0 1 0 0 0 1 1 1 0 1 0 1 0 1 0 0 1 1 1 1 0 1 1 0 0 1 1 0 0 0 1 0 1 0 0 1 0 0 1 0 0 1 1 1 1 1 1 0 1 1 0 1 1 1 0 1 1 1 0 1 1 0 1 0 1 1 0 0 1 1 1 0 0 0 0 0 0 1 0 0 0 1 1 1 0 1 0 1 0 1 1 0 0 1 1 1 1 0 0 0 1 1 0 1 1 1 1 1 0 0 0 0 0 1 0 1 0 0
0 1 0 1 1 1 1 1 0 1 0 0 0 1 0 0 1 0 1 0 1 1 1 0 1 1 0 1 1 1 1 1 0 0 0 0 0 0 0 1 1 0 0 1 0 0 1 1 0 1 0 1 1 1 1 1 0 1 0 0 1 0 0 0 1 0 1 1 0 0 1 0 1 1 0 0 0 0 0 1 0 0 0 0 0 0 0 0 1 0 0 1 0 0 0 1 0 0 1 0 1 0 1 0 0 0 1 0 0 1 1 1 0 0 0 0 1 1 0 1 1 0 1 1 1 1 0 1 0 0 0 1 1 1 0 1 1 0 0 1 1 1 1 1 0 0 0 0 0 1 0 1 0 1 0 1 0 1 0 0 0 1 0 0 0 1 0 1 0 1 0 1 0 0 1 1 1 1 0 1 1 0 0 1 0 0 1 1 0 1 0 0 0 0 1 1 1 0 0 0
0 0 1 1 0 1 1 1 1 0 0 1 0 1 0 0 1 1 0 0 0 0 0 1 0 0 1 0 0 1 1 0 1 1 0 1 1 1 0 1 1 1 0 0 0 1 1 1 1 1 0 0 0 1 1 0 1 1 0 0 1 0 0 0 1 0 1 1 0 1 1 1 1 0 0 0 0 1 1 0 0 0 1 0 1 0 1 1 0 1 0 0 1 1 1 0 0 1 0 1 0 1 1 1 0 1 0 0 0 1 1 1 1 1 0 0 1 0 1 0 1 0 0 1 0 1 1 0 0 0 0 1 1 0 0 1 1 1 1 0 0 1 1 0 0 1 1 1 1 0 0 0 0 0 0 1 1 0 0 0 1 1 1 0 0 0 0 0 1 0 0 1 0 1 0 0 0 0 1 1 1 0 1 1 0 1 1 0 0 0 0 1 0 0 1 0 0 0 0 0
0 1 0 0 0 0 1 1 0 1 1 0 0 1 0 0 0 0 0 0 0 0 0 0 1 0 0 1 0 0 0 0 1 0 1 0 1 1 0 0 0 0 1 1 1 1 1 1 0 0 1 1 1 1 1 1 0 1 1 0 1 1 0 1 0 1 0 0 0 1 1 0 0 0 1 0 0 1 1 1 1 0 0 1 1 0 0 0 0 0 1 0 0 0 1 0 0 1 1 0 0 1 0 1 1 0 1 1 0 0 0 1 0 1 0 1 1 0 1 1 0 0 1 1 1 1 0 1 1 0 0 1 1 0 1 0 0 1 1 1 0 1 0 1 0 1 0 1 0 0 1 1 1 0 1 1 1 0 0 1 0 0 0 0 0 0 1 0 1 1 0 1 1 0 1 1 0 1 1 1 0 0 1 1 0 1 0 0 1 0 0 1 0 0 1 0 1 0 1 0
0 1 1 1 1 0 0 1 1 0 1 1 0 1 1 1 0 1 1 1 0 0 0 1 0 1 0 0 0 1 0 1 0 0 0 0 0 1 1 1 1 1 0 1 1 1 0 0 0 1 1 1 0 1 1 0 0 1 1 1 1 0 0 0 1 0 1 1 1 0 0 0 1 0 0 1 0 0 0 1 1 1 0 0 1 1 1 0 0 0 1 1 0 0 1 1 0 1 0 1 0 1 0 0 1 0 1 0 1 1 1 1 0 1 0 1 1 1 1 0 1 1 1 0 1 1 1 1 1 1 1 1 1 1 1 0 1 0 1 0 0 0 1 1 0 0 1 1 1 0 1 1 0 0 0 0 1 1 0 0 1 1 1 1 1 0 1 0 1 1 1 1 1 0 1 0 1 0 0 0 0 1 0 0 1 0 0 1 0 1 0 0 1 0 1 0 1 1 1 1
1 0 0 0 1 0 1 1 0 0 1 1 0 1 1 0 1 0 1 1 1 0 0 1 0 1 1 0 0 0 1 0 1 0 1 1 0 1 1 0 1 1 0 1 1 1 0 1 0 0 0 0 0 1 1 0 1 1 1 0 0 0 1 0 0 1 0 1 1 1 1 1 0 1 0 0 0 0 1 0 0 0 0 0 1 0 1 0 0 1 0 0 1 1 1 1 0 1 0 1 1 0 0 0 0 1 0 0 0 1 1 0 0 0 0 0 0 0 0 0 1 0 1 1 0 0 1 0 1 0 0 0 0 0 0 0 0 0 1 0 1 1 0 1 0 1 1 0 0 0 1 1 0 0 0 0 1 1 0 0 0 0 1 0 1 0 0 1 0 1 1 0 0 1 0 1 1 0 1 1 1 0 1 0 1 1 1 1 1 0 0 1 1 0 1 1 1 1 0 0
0 0 0 0 0 0 0 1 1 1 1 0 0 0 1 1 0 0 0 1 0 1 0 1 0 0 0 1 0 1 0 1 0 0 1 0 0 1 1 1 0 0 1 0 0 1 1 0 1 1 0 1 1 0 1 1 1 0 0 1 0 1 1 0 0 0 0 0 0 1 0 0 1 0 0 1 1 0 1 1 1 1 1 0 1 0 0 1 0 1 0 1 1 1 1 0 0 1 0 0 1 0 0 0 1 1 1 1 0 1 0 1 0 1 1 0 1 0 0 1 1 1 0 1 0 1 1 1 0 0 0 1 1 0 1 0 0 1 0 1 1 0 0 1 0 1 1 0 1 0 1 0 1 0 1 0 0 1 0 1 0 1 1 1 1 0 1 0 0 1 1 0 1 1 1 1 1 0 1 0 0 1 1 1 1 1 0 1 1 1 0 0 0 0 0 1 0 0 1 1
1 0 1 0 1 1 0 0 0 1 0 1 0 0 1 0 0 0 1 0 0 0 0 0 0 1 0 0 0 1 0 0 1 1 0 1 1 0 1 0 0 1 0 0 0 0 1 0 1 0 0 0 1 1 1 0 0 0 0 1 0 0 1 0 1 0 1 0 0 1 0 0 1 1 1 1 1 1 0 1 0 0 1 0 1 1 1 0 1 0 0 0 1 1 0 0 0 1 1 0 0 0 1 0 0 0 1 1 1 1 1 0 1 0 0 1 1 1 1 0 0 1 1 0 0 1 1 0 1 0 0 0 1 1 1 0 0 1 0 1 0 0 1 1 1 1 1 1 0 0 0 0 1 1 0 1 0 1 1 0 0 0 0 1 1 0 1 1 0 0 0 1 0 1 0 1 1 0 1 1 0 0 1 0 1 1 1 1 1 0 0 1 1 0 0 1 1 0 1 0
0 1 0 1 1 0 1 1 1 0 1 0 1 0 1 1 1 1 0 1 0 1 0 0 0 1 1 1 0 1 0 1 1 1 1 0 1 0 1 0 1 0 0 0 0 0 1 0 0 0 1 0 1 1 1 1 1 0 0 1 1 0 1 1 0 1 1 0 0 0 0 0 0 1 1 0 1 1 1 1 1 0 1 1 0 1 1 0 0 1 0 0 0 0 0 1 1 1 1 1 0 1 1 1 0 0 0 1 0 0 1 0 0 1 0 0 0 1 1 0 0 1 0 1 0 0 0 0 1 1 0 1 1 1 1 1 0 0 0 1 1 0 0 1 0 0 0 1 1 1 1 1 0 0 1 1 0 1 0 1 0 0 1 0 0 0 1 1 1 0 0 0 0 1 0 1 1 1 1 1 1 0 1 0 0 0 1 1 1 1 0 1 1 0 1 1 0 1 1 0
0 0 0 1 0 1 1 0 0 0 0 1 1 1 0 0 1 1 0 0 1 0 0 0 0 0 0 0 0 1 1 1 0 0 0 0 1 1 0 1 0 0 1 0 1 0 0 0 0 0 0 0 1 0 0 0 0 1 1 1 1 1 1 0 0 0 0 1 0 1 0 1 0 1 0 1 1 0 0 1 1 0 0 1 1 1 0 1 0 0 1 0 1 0 0 1 0 0 0 1 0 1 0 1 1 0 1 0 1 1 1 1 1 0 0 1 1 1 1 0 1 1 0 0 0 0 1 1 1 1 1 0 1 0 0 1 1 0 1 0 0 1 0 0 0 0 0 0 0 0 1 0 0 0 0 0 1 0 0 1 0 1 0 0 0 0 1 0 1 1 1 0 0 1 0 0 0 0 0 0 1 0 0 1 1 1 0 1 0 0 0 1 1 0 0 0 1 0 1 1
1 0 1 0 0 1 1 1 1 1 0 0 0 0 1 1 1 1 1 1 1 0 1 0 1 0 1 1 1 0 0 0 0 0 1 0 0 0 1 1 0 0 0 1 1 0 0 1 0 0 1 0 1 0 0 0 0 0 0 1 1 1 1 1 1 0 1 0 0 0 1 1 1 0 1 1 1 0 0 1 0 0 0 1 0 1 1 1 0 0 0 1 0 0 1 0 1 0 1 0 1 1 0 1 0 1 0 1 0 1 0 0 1 0 1 1 0 0 1 1 1 1 1 0 1 1 0 1 0 0 1 1 1 1 1 1 0 1 0 0 1 0 0 0 1 1 1 0 0 0 1 1 0 0 1 0 0 0 1 0 0 0 0 0 1 0 1 0 1 0 1 1 0 0 1 0 1 0 1 1 1 1 1 1 1 1 0 1 1 0 1 1 0 1 1 1 0 0 0 1
1 0 0 0 1 0 0 1 1 1 0 1 1 1 0 0 1 0 1 1 1 1 0 1 1 1 1 1 1 0 0 0 0 1 0 0 0 0 0 0 0 0 0 0 1 0 0 0 0 0 0 0 0 1 1 0 0 1 1 0 1 1 0 1 1 0 0 1 1 0 1 0 0 1 1 0 0 0 0 1 1 1 0 1 0 0 1 0 0 0 0 0 0 0 0 1 0 1 1 1 1 1 1 0 1 0 1 0 1 0 1 0 1 0 0 1 1 1 0 1 1 0 0 1 1 0 1 1 1 1 0 0 1 1 0 1 1 1 0 0 1 0 0 0 0 0 0 1 0 0 0 0 0 1 0 1 1 0 0 0 0 1 0 1 0 1 0 0 0 1 0 1 1 0 0 0 0 1 0 1 1 1 0 1 1 0 0 0 1 1 1 0 1 0 0 1 0 1 0 0
0 0 0 1 1 1 0 1 1 0 0 1 1 1 1 1 0 1 0 0 0 0 1 1 1 1 0 0 1 1 1 0 1 1 1 1 1 1 1 1 0 0 1 0 1 0 1 0 0 0 1 0 1 1 0 1 0 1 1 0 1 1 0 1 0 1 1 1 1 1 0 1 0 1 0 0 1 0 0 0 0 1 0 1 0 1 0 1 0 0 0 1 0 1 1 0 1 1 0 1 1 0 0 0 0 1 0 1 0 0 0 0 1 0 1 0 0 1 0 0 1 0 1 0 0 0 1 0 0 0 1 1 1 1 0 0 0 0 0 1 0 0 1 1 0 0 0 0 0 0 0 0 1 1 1 0 1 0 0 0 0 1 1 1 1 1 0 0 1 1 1 0 1 0 0 0 0 0 0 0 1 1 0 0 0 0 0 0 0 0 0 0 1 1 0 1 0 0 0 0
0 0 0 1 1 0 0 1 0 0 1 1 1 1 0 0 0 1 1 0 0 0 1 0 0 1 1 1 0 0 0 1 1 1 1 0 0 1 0 0 0 1 1 0 1 1 0 0 1 0 1 1 1 1 0 1 1 1 1 1 1 0 0 1 0 1 0 0 0 1 0 0 0 1 1 1 0 1 1 0 0 1 0 0 1 0 1 0 0 0 0 0 1 0 1 0 0 1 1 1 0 0 0 1 1 0 1 1 0 0 0 1 1 0 0 0 1 0 1 1 1 0 0 1 1 0 1 0 0 1 0 0 0 1 1 0 0 1 1 0 0 1 1 1 0 0 0 1 1 0 1 1 1 1 0 1 0 1 1 1 0 0 0 1 0 1 1 0 1 1 1 1 0 0 0 0 1 0 1 0 0 0 0 0 0 0 0 1 1 0 0 1 0 0 0 1 0 0 0 0
0 0 0 1 1 0 0 0 1 0 0 1 0 0 0 1 0 0 1 0 1 0 1 0 1 1 1 1 0 1 0 0 1 1 0 1 1 1 0 1 0 1 0 0 1 1 1 0 0 0 0 0 0 1 1 1 1 0 0 0 0 1 0 0 0 0 1 1 0 0 0 0 0 1 0 1 0 0 0 0 1 0 0 1 1 0 1 1 0 1 1 1 0 0 0 0 0 1 0 1 1 1 0 0 0 1 0 1 0 0 0 1 1 1 1 0 1 1 0 1 1 1 1 1 0 1 1 0 0 0 0 1 0 0 0 1 1 0 1 1 0 0 1 0 1 1 0 1 1 1 0 1 1 0 0 0 0 0 1 1 1 1 0 1 0 0 0 0 1 0 1 0 0 0 0 1 1 1 0 0 0 0 1 0 1 0 0 0 1 0 1 0 0 0 1 0 1 0 0 0
0 1 1 1 0 0 1 1 0 1 1 0 1 1 1 0 0 0 1 0 1 1 0 0 1 1 0 1 1 1 1 0 0 1 1 1 1 1 0 1 0 0 0 1 0 0 0 0 0 1 1 0 1 0 1 1 1 1 0 1 0 1 0 1 0 0 0 1 1 1 1 0 1 0 1 0 0 0 1 1 1 1 0 0 0 0 1 1 1 0 1 1 0 1 0 0 0 0 0 1 1 0 1 0 0 0 0 0 1 0 1 0 0 1 1 0 0 0 1 1 0 0 0 1 1 0 1 1 0 0 1 1 0 0 1 1 0 0 1 1 0 1 1 0 0 0 1 1 0 0 1 0 1 1 0 0 1 0 0 0 0 0 0 1 1 1 1 1 1 0 1 1 0 0 0 0 1 1 1 1 1 1 0 1 0 1 1 0 1 0 1 1 1 0 0 1 1 0 1 1
0 0 0 1 1 0 1 1 1 0 0 1 1 1 0 0 1 0 0 0 1 1 0 1 0 0 0 1 1 1 1 0 0 1 1 0 0 1 0 1 1 0 1 0 1 0 1 0 1 1 1 0 0 0 1 1 1 0 0 0 1 0 0 1 0 1 1 0 0 0 0 0 1 1 0 1 0 0 1 0 1 1 0 0 0 0 1 1 0 0 1 1 0 0 0 1 1 1 0 1 1 1 1 1 0 1 0 1 1 1 0 0 0 1 0 1 1 0 0 0 0 0 0 1 0 0 0 0 1 1 0 1 0 1 0 1 1 1 1 1 0 1 0 1 1 1 1 1 1 1 1 1 1 0 1 1 0 0 1 0 1 0 1 1 1 0 1 1 0 0 1 0 1 0 1 1 0 1 1 0 0 0 1 1 1 1 0 1 0 1 1 0 1 1 1 0 1 0 0 0
1 1 0 0 0 1 0 0 0 0 1 0 0 1 0 1 0 0 0 1 0 0 1 0 1 0 0 0 1 0 0 1 1 1 1 1 1 0 0 0 0 0 0 0 0 1 0 1 1 1 0 1 0 1 0 1 1 0 1 0 1 0 0 0 0 0 1 0 0 0 1 1 1 0 1 1 0 0 0 1 0 0 0 0 1 1 1 1 0 0 1 0 1 0 1 1 1 0 0 1 1 0 1 0 0 1 1 0 1 1 0 0 0 0 1 0 1 0 0 1 1 0 1 1 0 0 0 1 1 1 1 0 0 1 0 0 1 1 0 0 0 0 0 0 0 1 0 0 0 0 1 0 0 1 1 1 0 0 1 0 0 0 1 0 0 1 0 0 0 0 1 0 0 1 0 0 0 1 1 0 1 0 0 0 1 1 1 1 0 0 1 1 1 1 1 1 1 0 0 1
1 0 0 1 0 1 0 0 1 1 1 0 0 0 0 1 1 1 0 1 0 0 1 1 0 0 1 0 1 1 0 0 0 1 0 1 1 1 0 1 1 0 0 0 1 1 1 0 0 0 0 1 0 1 0 0 0 0 0 1 0 1 1 1 1 0 1 1 0 1 0 0 1 0 0 1 0 1 0 0 0 0 0 1 0 1 1 1 0 1 1 0 1 0 0 1 1 1 1 1 0 1 0 1 0 1 1 1 0 1 0 1 1 0 0 1 1 1 1 1 0 0 1 1 1 1 1 1 1 0 0 0 1 0 1 1 0 0 1 1 1 1 1 1 0 1 0 1 1 1 1 0 0 1 0 1 0 0 1 1 1 0 0 0 0 0 1 1 1 0 0 1 1 1 1 0 0 0 1 1 1 1 1 1 1 0 1 0 1 0 0 1 0 1 1 1 0 0 1 0
0 0 1 0 1 0 1 0 0 0 1 0 1 0 1 1 0 1 1 0 0 0 1 1 1 0 1 1 1 1 1 1 0 0 0 1 1 0 0 0 1 0 0 1 0 1 1 1 1 0 1 0 1 0 0 1 1 1 1 1 0 1 1 1 0 1 1 0 1 0 1 0 1 0 1 0 0 0 0 0 0 0 0 0 1 1 0 0 0 1 1 0 0 0 0 1 1 1 0 1 1 1 1 1 1 0 0 0 1 0 1 0 0 1 0 0 1 1 0 0 0 0 1 0 0 0 0 0 1 1 1 0 0 1 0 1 0 0 1 1 1 1 0 0 1 1 0 0 1 1 1 0 0 0 0 0 1 0 0 1 1 1 1 1 0 1 0 0 1 0 0 0 1 0 0 0 1 1 1 0 0 0 1 0 1 1 0 0 1 0 1 1 0 0 1 1 0 1 1 0
1 0 1 0 1 1 0 0 1 1 1 1 1 1 1 0 0 1 1 1 0 0 1 0 0 1 0 0 0 1 1 1 1 1 0 0 0 1 0 1 0 1 1 0 0 1 1 0 0 1 0 0 0 1 1 1 1 1 1 0 0 1 1 1 1 1 0 1 1 0 1 1 0 1 0 1 0 1 1 1 1 1 1 1 0 0 1 1 0 1 0 1 0 1 1 1 1 0 1 1 1 0 1 0 0 1 0 0 1 1 1 0 1 1 1 0 0 1 1 0 0 1 0 0 0 0 0 1 0 0 0 1 1 0 1 0 1 0 0 0 0 0 0 0 1 0 1 1 1 0 1 0 1 0 0 0 0 0 1 0 0 1 0 0 0 0 1 0 0 0 0 0 1 0 1 1 0 1 0 1 0 1 1 0 0 0 1 1 0 1 0 0 0 0 0 1 0 1 0 1
0 0 1 1 0 0 1 1 1 1 0 1 1 1 0 0 1 1 1 0 0 1 1 1 0 1 0 0 0 1 1 1 1 1 0 1 1 1 1 1 1 1 0 0 0 0 1 0 1 1 1 1 1 0 0 0 1 1 0 0 0 1 0 1 1 0 1 0 1 1 0 1 1 0 1 1 0 0 1 0 0 1 1 0 0 1 1 1 0 1 0 1 0 1 1 0 1 0 1 0 1 1 0 1 1 1 0 1 1 1 1 1 1 1 1 0 0 0 1 1 0 1 0 1 0 1 0 1 1 1 1 1 1 0 1 1 1 0 0 1 0 1 1 0 1 0 0 0 0 1 1 1 1 1 1 1 1 0 0 0 0 1 1 0 1 1 1 0 0 0 1 0 0 1 0 1 1 1 0 1 1 1 0 1 0 1 1 1 0 1 0 1 1 1 1 0 1 0 0 0
0 1 1 0 1 0 0 0 0 1 1 1 1 1 1 0 0 1 0 1 1 1 1 1 0 1 0 0 0 1 0 0 0 1 0 1 1 1 0 0 1 1 0 1 1 0 1 0 1 1 0 1 0 0 1 1 0 0 1 1 0 1 0 1 1 1 0 1 0 0 1 1 0 1 0 0 1 0 0 0 1 1 0 1 0 0 0 1 0 1 0 0 1 0 0 0 1 1 1 0 0 1 0 1 0 1 1 1 1 1 1 1 0 0 0 0 0 0 0 1 0 0 1 1 0 1 0 0 0 0 0 1 0 1 1 0 1 1 0 0 0 0 0 1 0 0 0 0 1 1 1 0 0 1 0 1 1 1 1 0 1 1 1 0 1 1 0 0 1 1 0 0 1 1 1 0 1 0 1 0 1 0 1 0 0 0 0 0 1 0 1 1 1 1 0 0 0 0 1 0
1 0 1 0 0 0 1 1 0 1 1 0 1 0 0 0 0 1 1 0 1 0 0 1 1 1 1 1 1 0 1 1 0 0 0 0 1 0 0 0 1 0 0 0 0 1 0 1 1 0 0 1 1 1 1 0 0 1 0 1 0 0 0 0 1 0 0 0 0 1 1 1 1 0 1 0 1 1 1 1 1 1 1 0 0 1 1 0 0 1 0 0 1 0 1 0 1 1 0 1 1 0 1 1 1 0 1 0 0 1 0 0 0 0 0 1 0 1 1 0 0 0 0 1 0 1 1 0 0 0 1 0 0 0 1 1 1 1 0 1 1 1 1 0 1 1 1 1 0 0 0 1 0 0 1 1 1 0 1 1 1 0 1 0 1 1 0 1 1 1 0 0 0 1 1 0 1 0 0 1 1 0 1 0 0 0 1 1 1 0 1 1 1 1 0 0 0 1 1 1
0 1 1 0 1 0 0 1 1 0 0 0 0 1 1 1 0 1 1 1 1 1 1 0 1 0 1 0 0 1 0 1 0 0 1 1 0 1 1 1 1 1 1 0 1 0 0 0 0 0 1 0 0 1 0 0 0 1 1 0 0 1 1 0 0 0 1 1 0 0 1 1 1 1 1 1 1 0 1 0 1 1 0 0 1 1 1 0 1 0 0 1 1 0 0 0 0 1 0 0 0 0 1 1 1 1 0 0 0 1 1 0 1 0 0 0 0 1 0 0 0 1 0 0 1 0 1 0 1 1 0 1 1 1 1 1 0 0 1 1 0 1 1 0 0 1 0 0 0 1 1 0 1 0 0 0 0 1 1 1 1 1 1 0 1 0 0 1 1 1 0 1 0 1 0 1 0 0 0 1 1 1 1 1 0 1 0 0 1 0 1 1 0 0 0 0 1 1 1 1
0 0 0 0 1 1 0 0 1 0 1 1 0 1 0 1 0 1 0 0 0 0 1 0 1 1 0 0 1 1 0 0 1 1 0 1 0 1 1 1 1 1 1 1 0 1 0 1 1 0 0 1 0 1 1 1 0 1 1 1 0 0 0 1 1 1 0 1 0 1 0 1 0 0 1 1 0 1 0 0 0 0 0 1 0 1 0 0 0 1 0 1 0 0 0 0 0 0 0 1 1 1 1 0 1 1 0 1 1 1 0 0 0 0 0 1 0 1 1 1 1 0 0 0 0 1 1 0 0 0 0 1 1 1 1 0 1 1 1 1 0 1 1 0 0 0 1 0 1 0 1 0 0 1 0 0 1 0 1 0 0 0 1 1 1 0 0 0 0 0 1 0 1 1 0 0 1 1 0 1 1 0 0 0 1 0 0 0 0 0 0 1 1 0 1 0 1 0 1 0
0 0 0 1 1 0 0 1 1 1 1 0 1 1 1 1 0 1 1 1 1 1 1 0 0 1 0 1 0 0 1 0 1 0 1 1 1 1 0 1 0 0 0 1 0 0 1 0 1 0 1 1 0 1 1 1 1 0 0 1 0 1 0 0 0 1 0 1 0 1 1 0 0 0 0 0 1 0 0 1 1 1 1 0 0 1 1 1 1 0 0 0 0 1 1 1 0 0 0 1 0 1 1 0 0 0 0 0 0 0 0 1 1 0 1 1 0 1 0 1 1 0 0 1 1 0 1 1 1 1 0 1 1 0 1 0 1 0 1 1 0 1 1 0 0 1 1 0 0 1 1 1 1 0 1 1 1 0 0 0 0 0 0 0 1 1 0 1 1 1 1 1 0 1 1 1 0 0 0 1 1 1 0 0 0 0 0 0 0 0 0 0 0 0 1 0 1 0 1 1
0 0 1 0 0 0 1 0 1 1 0 1 1 0 0 0 0 1 0 0 1 1 0 1 1 0 1 1 1 0 0 1 1 0 0 1 0 0 0 0 0 0 0 0 1 1 0 1 1 1 0 1 0 0 1 1 0 1 1 0 1 0 1 0 0 1 1 0 1 1 0 1 0 1 1 1 1 1 1 0 0 1 0 0 0 0 1 1 0 1 1 0 0 1 0 1 0 0 1 1 1 0 0 0 0 1 0 0 0 1 0 0 0 1 1 1 0 0 1 1 1 0 0 0 1 1 1 0 1 0 0 1 0 1 1 1 0 1 1 0 1 1 0 0 1 1 1 0 0 1 0 1 1 0 0 0 1 0 0 1 0 1 1 0 1 0 0 1 0 0 1 1 0 1 1 0 0 1 0 1 0 1 1 1 1 1 1 1 0 1 1 1 0 0 1 1 1 0 1 0
1 0 1 0 1 0 1 0 1 1 0 1 0 1 1 0 0 1 1 0 0 0 1 0 0 1 1 1 0 1 0 1 1 1 1 1 1 1 0 1 0 1 1 0 0 0 0 1 1 1 1 1 0 1 1 1 0 0 1 0 0 0 0 1 0 0 1 0 0 0 1 1 0 0 1 0 1 0 1 1 0 0 1 0 0 1 0 0 1 1 1 0 0 1 1 0 0 1 1 1 0 1 1 1 0 1 1 1 1 1 1 0 0 1 1 1 1 1 0 0 0 1 0 0 0 0 0 1 0 0 0 0 1 0 1 1 0 1 0 1 1 0 0 0 1 0 0 1 1 0 0 1 0 1 1 1 0 0 0 1 0 0 1 1 0 0 1 0 1 0 0 0 0 0 0 0 1 1 1 1 0 0 0 0 0 0 0 1 1 1 0 1 1 0 1 0 0 0 1 0
0 0 1 1 0 0 0 0 0 1 1 0 1 0 1 0 0 1 1 0 1 1 0 0 1 0 0 1 1 1 0 1 0 1 0 1 1 0 0 0 1 1 1 0 0 1 1 0 0 0 1 0 0 0 1 1 1 0 0 1 1 0 1 0 0 0 0 1 0 0 0 1 1 0 1 0 0 0 0 1 1 1 0 1 1 0 0 1 0 1 1 0 1 0 0 0 1 0 1 0 0 0 1 0 0 1 0 0 0 0 1 0 1 0 0 1 0 1 0 1 1 1 1 1 0 0 1 0 1 0 1 1 1 0 0 1 0 0 1 0 0 0 1 0 1 1 0 1 1 1 0 1 0 1 1 1 0 0 0 0 0 0 1 0 0 0 0 1 1 1 1 1 1 1 0 0 0 1 1 1 1 1 1 0 1 1 0 0 1 0 1 1 0 1 0 0 0 0 1 1
0 0 1 1 0 1 0 0 1 1 1 0 1 1 1 1 1 0 1 0 0 0 0 0 0 1 1 1 0 0 1 1 0 1 1 0 0 1 1 1 1 0 1 0 1 0 0 0 1 1 0 1 0 1 1 1 1 0 0 1 0 1 1 1 1 1 0 0 0 1 0 0 1 1 1 1 1 1 0 1 0 0 0 0 0 0 1 1 0 0 0 0 1 0 1 1 1 0 0 0 0 1 1 1 0 0 1 0 0 0 0 0 0 1 1 0 1 0 1 0 1 1 1 1 1 1 0 0 1 1 1 1 0 1 1 1 0 1 1 1 1 1 0 1 0 0 0 1 0 0 1 1 1 1 0 1 1 0 1 1 0 0 0 0 0 0 0 0 1 1 0 0 0 1 0 1 1 1 1 0 1 0 0 1 1 0 0 1 0 1 0 0 0 1 0 0 0 1 1 0
1 0 0 1 1 0 0 0 0 1 0 1 0 1 0 0 1 0 0 1 1 0 0 1 0 1 1 1 0 1 1 1 1 1 0 1 0 1 1 0 0 1 0 0 1 1 0 0 0 0 1 1 1 1 0 0 1 0 1 1 1 1 0 1 1 0 1 0 0 0 0 1 0 1 1 0 1 1 0 0 0 0 1 1 1 0 1 0 1 1 0 0 1 0 0 0 0 0 1 1 1 0 1 1 0 1 0 0 1 0 0 1 1 1 1 1 0 1 1 1 0 1 0 1 0 1 1 0 1 1 0 1 1 0 0 0 1 0 0 1 0 0 1 1 0 1 0 0 0 0 0 1 0 0 1 1 0 1 0 1 1 0 0 0 0 1 0 0 1 0 1 1 0 1 0 1 1 1 0 1 1 0 1 0 1 0 0 1 1 1 1 0 1 1 0 1 0 0 0 1
1 0 0 0 1 0 0 1 0 0 1 1 1 0 1 0 1 0 1 0 0 0 0 0 0 1 0 0 0 0 0 1 1 0 0 1 0 1 1 1 1 1 0 1 0 1 0 0 1 1 1 1 0 1 1 1 0 0 1 1 1 0 1 0 0 0 0 1 0 1 1 0 1 0 1 0 0 0 1 0 0 1 1 1 0 0 1 0 0 1 0 0 0 0 0 1 1 1 1 1 0 1 0 1 1 0 1 1 0 0 1 0 0 1 0 0 0 1 1 0 1 1 1 1 0 0 0 1 0 1 1 0 0 1 0 1 1 1 0 1 1 1 0 0 0 0 1 0 0 1 1 1 0 0 0 0 0 0 0 1 1 0 1 0 0 0 0 0 0 0 1 1 1 1 0 1 0 0 1 0 0 0 1 0 0 1 1 0 1 0 1 1 0 0 1 1 0 1 1 1
1 0 1 1 0 1 1 0 1 0 0 0 1 1 0 0 0 0 1 1 1 0 1 1 0 0 0 0 0 0 1 1 1 0 1 1 1 0 1 0 1 0 1 0 0 1 1 0 0 1 0 0 0 0 1 0 0 1 1 0 1 0 0 1 0 0 1 0 0 1 0 1 1 0 0 1 1 0 0 1 1 0 0 0 0 1 0 0 0 0 0 0 1 0 0 0 0 1 0 1 0 0 0 1 1 0 1 1 1 1 1 1 1 1 0 0 0 0 0 1 1 1 1 1 0 0 1 0 0 0 1 0 0 1 1 0 1 1 1 0 1 0 0 1 1 1 1 0 1 1 1 0 1 0 0 1 1 0 0 1 1 1 0 0 0 1 0 1 0 0 1 0 0 0 0 0 1 0 0 0 1 0 0 0 0 0 0 0 1 0 0 0 1 0 1 1 1 0 1 1
0 1 1 0 0 1 1 0 0 0 1 1 1 1 1 0 1 1 0 0 0 0 0 1 1 0 0 0 0 1 1 1 0 0 0 0 1 1 1 0 0 0 0 1 1 0 1 0 0 1 0 0 0 0 0 1 0 0 0 1 0 0 0 0 1 0 1 0 1 1 0 0 1 1 1 1 1 0 1 1 1 1 0 0 1 0 0 0 1 1 1 0 0 0 1 0 1 0 0 1 0 1 0 1 1 1 1 1 1 0 1 1 0 1 1 0 0 0 1 0 1 1 0 0 1 1 0 0 0 0 0 1 0 0 1 1 0 1 0 0 0 1 1 1 0 0 1 0 1 1 1 0 0 0 0 0 1 0 1 0 1 1 1 0 1 1 1 0 1 0 0 1 1 0 1 1 0 1 1 0 0 1 0 0 1 0 0 1 0 0 0 1 0 0 0 1 1 1 0 0
1 0 1 0 0 0 0 0 0 0 1 0 0 1 0 1 0 1 0 0 1 1 0 0 0 0 1 1 1 0 1 0 1 1 0 1 0 1 0 0 1 1 1 1 1 1 1 0 0 1 0 0 1 1 0 0 0 1 0 1 1 1 1 1 0 0 0 0 1 1 1 0 1 0 1 1 0 1 1 1 0 0 0 1 1 0 0 0 0 0 1 0 1 0 0 1 1 1 0 0 0 0 0 0 1 0 1 0 1 1 0 1 0 0 0 0 0 1 0 0 0 0 1 1 1 1 1 0 0 1 1 0 0 0 1 1 0 0 0 0 0 0 1 0 0 0 0 1 1 0 0 0 0 1 0 0 1 0 0 0 0 0 1 1 1 0 0 0 1 0 1 0 0 1 0 1 1 1 0 1 1 1 1 0 0 1 1 0 0 0 1 1 0 1 1 1 1 0 0 1
0 1 0 1 0 1 1 0 0 0 0 0 0 1 0 1 0 0 0 1 0 0 1 1 0 0 0 0 0 1 0 1 1 1 0 0 0 1 0 0 0 0 0 0 1 0 1 0 0 1 1 1 0 0 1 1 1 0 0 1 1 1 1 0 0 0 0 0 1 1 0 1 1 1 1 1 1 0 1 0 1 0 0 1 1 1 1 0 0 0 0 1 0 1 1 0 0 0 0 0 1 0 1 1 1 1 1 1 0 0 1 1 1 0 0 1 0 0 1 1 0 1 0 0 1 0 1 0 0 1 1 1 0 1 0 0 1 1 1 1 1 0 1 0 1 1 1 0 0 0 1 0 0 0 0 0 0 1 0 0 1 1 0 1 1 0 1 0 1 1 1 0 1 0 0 0 1 1 1 0 1 0 1 1 1 1 1 1 0 0 1 0 0 0 0 0 0 0 1 1
0 0 0 1 0 0 1 1 1 0 0 1 0 0 1 0 1 0 0 1 1 1 1 0 1 0 1 1 1 1 1 0 0 1 1 0 1 1 0 1 1 1 1 0 0 1 1 1 0 0 0 0 0 0 1 0 0 1 1 0 1 0 1 0 0 1 1 1 1 1 0 1 1 1 0 1 1 0 1 1 0 1 0 1 0 0 1 1 1 0 1 1 0 0 0 0 0 0 0 0 0 0 1 0 1 1 1 0 0 1 0 0 1 0 0 1 1 0 0 0 1 0 0 1 1 1 0 0 1 0 0 0 1 0 1 0 1 1 1 0 1 1 1 0 0 0 1 1 0 1 1 1 1 1 1 1 1 0 0 1 1 1 1 1 1 1 1 1 1 0 0 0 1 0 0 0 0 1 1 0 0 1 0 0 0 1 0 0 1 0 1 1 0 0 0 0 0 0 0 1
0 0 0 0 0 1 1 0 1 1 1 0 0 1 1 0 1 0 0 0 1 0 0 0 0 1 0 0 1 1 1 0 0 0 0 0 0 0 0 0 0 1 1 0 1 0 1 0 0 0 0 0 0 1 1 1 1 1 1 1 1 1 1 0 0 1 1 1 0 0 0 1 0 0 1 0 0 0 0 1 0 0 0 0 1 0 1 1 1 1 1 0 0 0 1 0 1 1 1 0 0 1 0 1 0 0 0 1 0 1 1 1 0 0 0 1 1 1 0 1 0 0 0 1 1 1 1 0 0 0 0 1 1 1 0 1 0 1 1 0 1 1 0 1 0 0 0 0 1 0 0 1 1 1 1 0 1 0 1 1 0 0 1 1 1 0 1 0 1 1 1 1 1 0 1 0 1 0 0 0 1 1 0 1 0 1 1 0 0 0 0 0 1 1 0 1 1 0 1 0
1 1 1 1 1 0 0 1 1 0 0 1 0 1 0 1 0 0 1 0 1 1 1 0 1 0 0 0 1 0 1 0 1 0 0 1 0 1 0 1 1 0 1 0 1 1 1 0 0 0 0 0 1 0 1 1 1 1 1 0 0 0 0 1 0 1 0 1 0 0 1 0 1 0 0 0 1 1 0 1 1 1 0 1 0 1 0 1 1 1 0 1 0 1 0 0 1 1 0 0 1 1 1 1 0 1 1 0 1 0 1 1 1 0 0 1 1 0 0 1 0 1 1 1 0 0 1 0 1 0 1 0 1 0 0 0 1 1 1 1 1 0 0 1 1 1 0 0 0 1 1 0 0 0 1 0 1 1 0 0 0 1 0 0 1 1 1 1 1 1 0 0 1 1 1 1 1 0 1 1 0 0 1 1 0 0 0 1 0 1 0 1 0 0 0 0 0 0 0 0
0 0 1 1 0 1 1 0 1 0 0 0 0 0 1 1 1 0 0 1 0 1 1 0 0 0 0 0 1 0 0 0 1 1 0 1 0 0 0 0 0 1 1 0 0 0 0 0 0 0 0 1 0 1 0 0 1 1 1 1 1 1 1 1 0 1 0 1 0 0 0 0 1 1 1 0 1 0 0 0 0 1 1 0 0 0 0 0 1 0 0 1 0 0 0 0 0 0 1 1 1 0 1 1 0 0 0 0 0 1 1 1 0 1 0 1 1 0 1 0 0 1 1 0 0 0 0 1 1 1 1 0 1 0 0 0 0 0 1 1 0 0 1 1 1 1 1 0 1 1 1 0 1 0 1 0 1 0 0 1 1 1 1 0 0 0 1 0 0 0 0 0 1 1 1 1 1 0 1 1 0 0 1 0 0 1 1 0 0 1 1 0 0 1 0 1 1 0 1 1
0 1 0 0 1 0 1 0 0 1 0 1 0 0 1 0 0 0 0 0 0 0 0 0 0 0 0 1 0 0 0 1 0 0 1 1 1 0 1 1 1 0 1 0 1 0 1 0 0 0 1 1 0 1 0 0 0 1 1 0 1 1 1 1 1 1 1 1 0 1 0 0 1 1 1 0 0 0 1 1 1 0 0 1 0 0 1 1 1 0 0 0 1 0 0 1 1 0 1 1 1 1 0 1 0 0 0 1 1 0 1 1 0 1 1 0 1 1 1 0 0 1 1 1 0 0 0 1 0 1 1 0 1 0 0 1 1 0 0 0 1 0 0 1 1 0 1 0 1 1 0 1 0 1 1 1 0 1 0 1 1 1 0 0 1 0 0 1 1 0 1 0 1 0 0 1 0 1 1 0 1 1 0 1 0 0 0 0 1 1 1 1 1 0 1 1 0 0 1 0
1 1 0 0 0 1 0 0 0 1 1 1 1 1 1 1 1 1 1 0 0 1 1 1 0 0 1 0 0 1 1 0 1 0 0 0 0 0 0 0 1 0 0 0 1 1 1 1 0 1 1 0 0 1 1 0 1 0 1 0 0 1 1 0 0 0 1 0 0 0 0 1 0 1 1 1 1 1 0 1 0 1 1 0 0 0 1 0 1 0 1 0 1 1 1 0 1 0 1 0 1 1 1 0 0 0 1 0 0 0 0 0 1 1 0 0 0 1 1 1 1 1 1 0 0 1 1 1 0 0 0 0 0 0 0 0 1 1 0 1 1 1 0 0 1 1 0 0 0 1 0 0 1 1 0 0 0 0 0 0 1 1 0 0 0 1 0 0 0 0 0 0 1 0 1 0 0 0 1 0 0 0 1 0 1 0 1 0 0 0 1 1 1 1 0 1 0 0 1 0
1 0 1 0 0 0 1 1 1 0 0 1 0 0 0 1 1 1 1 1 1 0 1 1 0 1 1 1 1 0 1 1 0 0 1 0 0 0 0 0 0 0 1 1 0 0 1 1 0 0 0 1 0 0 0 0 1 0 0 1 0 0 1 1 1 1 1 1 1 0 1 0 1 0 0 1 0 0 0 1 0 0 0 0 1 1 1 0 1 1 1 0 1 0 1 1 0 0 1 0 1 0 0 0 0 0 0 0 0 0 1 0 1 1 0 1 1 1 1 0 0 1 1 0 0 0 1 1 1 1 1 1 0 1 1 1 1 1 0 0 1 0 1 1 0 0 1 0 0 1 1 0 1 1 0 0 1 1 1 1 1 0 0 1 1 1 1 1 0 0 1 0 0 0 1 1 1 0 1 0 1 1 0 1 0 0 0 0 1 0 1 0 1 0 1 0 1 1 0 0
1 1 1 1 1 1 0 0 0 1 0 0 0 0 0 0 1 1 1 1 0 0 1 0 0 1 1 1 0 0 1 1 1 0 1 1 1 1 1 0 1 1 1 1 0 0 1 0 0 1 1 1 1 1 0 0 1 1 1 1 1 1 0 0 1 0 0 1 1 1 0 0 1 1 1 0 1 1 1 0 0 0 0 0 1 1 1 0 1 0 1 0 1 1 1 1 1 0 0 1 1 0 1 0 0 1 0 0 0 0 1 1 0 0 0 0 0 0 0 0 1 0 1 0 1 1 0 1 0 1 0 0 0 1 0 0 1 1 0 1 0 1 0 0 0 1 1 1 0 0 1 1 0 0 0 1 0 0 0 1 0 1 1 1 0 1 1 1 0 1 1 0 0 1 1 1 1 1 1 0 1 0 1 0 1 0 0 1 0 1 1 1 0 0 0 0 1 1 0 1
0 0 0 0 0 0 0 1 0 0 1 0 0 0 1 0 0 0 1 1 1 1 0 1 1 1 1 1 0 0 1 0 1 1 0 0 1 0 0 1 0 1 1 0 1 0 1 1 1 1 0 0 1 1 0 0 1 0 1 1 0 1 1 0 0 1 1 0 0 0 1 0 0 1 1 1 0 1 1 0 0 0 1 0 0 0 0 0 0 0 0 1 1 1 0 1 0 1 1 0 1 1 1 1 0 1 1 1 1 1 1 1 1 1 1 0 0 1 0 0 0 0 1 1 1 1 0 0 1 0 1 1 1 0 0 0 1 0 1 0 0 0 0 1 1 0 0 0 0 0 0 0 1 0 1 1 0 0 0 0 1 1 1 0 1 1 0 1 1 0 1 1 1 0 0 1 0 0 0 0 1 0 1 0 1 1 1 1 1 1 0 0 0 0 1 0 0 1 1 1
0 1 0 1 0 0 0 1 0 1 1 0 1 0 1 0 0 0 1 0 1 0 1 0 0 0 1 0 0 0 0 0 1 1 0 1 1 1 0 1 1 1 0 1 1 1 1 1 0 0 1 0 0 1 1 0 0 0 1 0 0 1 1 0 1 0 0 0 0 1 1 1 0 1 0 0 0 1 1 0 1 1 0 0 1 0 0 1 1 1 0 1 0 0 1 1 0 0 0 0 1 1 1 1 1 0 1 0 0 1 1 1 0 0 0 0 1 0 1 1 1 1 0 0 1 0 0 1 1 1 1 1 0 0 1 1 1 1 0 1 0 0 0 1 0 0 0 0 1 0 0 0 0 0 0 1 1 1 1 1 1 0 0 1 0 1 0 1 0 0 1 0 0 1 1 0 0 1 0 1 1 0 0 0 1 1 1 0 0 0 1 1 0 1 0 0 0 1 1 0
0 1 1 1 0 1 0 1 0 1 1 0 1 1 0 1 0 0 0 0 0 0 0 0 0 0 1 0 0 1 0 1 1 0 1 1 0 0 0 0 0 0 1 1 1 0 1 0 0 0 0 0 1 0 0 1 1 0 1 0 0 1 0 0 0 0 0 1 0 1 1 1 1 0 0 0 0 0 1 0 1 0 0 0 1 0 1 0 0 0 0 0 0 0 1 0 0 0 1 1 0 1 1 1 0 0 1 0 1 0 1 0 0 1 0 1 1 0 1 0 1 0 0 0 0 1 1 0 0 0 0 0 1 0 0 1 0 1 1 1 1 1 0 0 1 1 1 1 1 1 1 1 0 1 0 0 1 1 0 1 1 1 1 0 1 1 1 0 0 1 0 1 1 0 1 0 0 0 1 0 0 0 0 1 0 0 0 1 0 0 1 1 1 0 0 1 1 0 1 1
1 0 0 0 0 0 1 0 0 0 0 0 1 0 1 0 1 1 0 0 1 0 0 0 0 0 1 1 1 0 1 0 1 1 0 0 1 0 1 0 0 1 0 1 0 0 1 1 0 0 1 0 0 0 0 1 0 0 0 0 1 0 1 0 0 0 0 0 0 1 0 0 0 0 0 0 0 1 0 1 0 1 1 1 1 0 1 1 0 1 0 1 1 1 0 0 0 1 0 1 0 0 1 0 0 1 0 0 1 0 1 1 0 1 0 0 0 1 1 0 0 0 1 1 0 0 0 0 0 0 1 0 1 0 1 0 1 0 0 1 0 0 0 1 0 1 0 1 0 0 1 1 0 1 0 1 1 1 1 1 1 1 0 0 0 0 1 1 0 1 1 0 0 1 1 0 0 0 1 1 0 1 0 0 0 1 0 0 1 1 0 0 0 0 0 1 1 0 0 0
0 0 0 0 0 1 0 0 0 0 1 0 0 0 0 1 1 1 1 0 1 1 0 0 1 0 1 0 0 0 0 0 0 0 1 1 1 0 1 0 1 1 0 1 1 0 1 0 1 0 1 1 1 1 0 1 0 0 1 0 1 0 1 1 1 0 1 1 1 1 0 0 1 0 0 0 0 0 1 0 1 1 0 1 0 1 1 0 0 1 0 0 0 1 0 1 0 0 1 1 0 0 1 0 1 1 1 0 0 1 1 1 0 1 1 1 1 0 1 0 1 1 1 1 1 1 0 0 0 1 0 1 1 0 1 0 1 1 1 1 1 0 1 0 0 0 0 0 0 0 0 1 1 0 0 0 0 1 0 0 1 1 0 0 0 1 0 1 0 0 0 1 0 0 1 0 0 1 1 0 1 0 0 0 0 1 1 0 0 0 0 1 0 1 1 1 0 0 0 1
0 1 0 1 0 1 0 0 1 0 0 1 0 1 1 0 0 1 0 0 0 1 0 1 1 1 0 1 1 1 1 1 0 1 1 0 1 1 0 0 0 0 1 1 0 0 1 1 1 0 1 0 0 1 1 1 1 0 0 1 0 1 0 0 1 0 1 0 0 0 1 1 1 0 1 1 0 0 0 0 1 0 0 1 1 1 0 0 1 0 0 0 0 0 0 1 0 1 0 1 0 1 1 0 0 0 1 0 1 0 1 0 1 1 1 1 1 0 1 1 1 0 0 0 1 0 1 1 0 1 0 0 0 1 1 1 0 0 0 1 0 0 1 0 0 0 0 0 1 0 1 1 1 0 0 0 1 1 0 0 0 1 0 0 1 1 1 1 1 1 1 1 1 0 1 1 0 0 1 0 1 1 1 0 0 1 0 1 1 1 0 1 1 1 1 0 0 1 0 1
0 1 1 1 1 0 0 1 0 1 0 1 1 0 0 0 0 1 0 0 0 0 1 1 0 1 0 0 1 1 1 1 0 0 1 0 1 0 0 0 1 1 1 0 0 0 1 0 1 0 0 1 0 1 0 1 0 1 0 0 1 0 1 1 0 1 1 0 1 1 1 1 1 1 0 1 0 0 1 0 1 0 1 1 1 0 1 1 1 1 0 0 0 1 0 1 1 1 1 1 0 1 1 1 0 0 1 0 0 1 0 0 0 0 1 1 1 1 1 1 1 0 0 1 1 0 1 0 0 0 1 0 0 0 1 1 0 0 1 0 1 1 0 0 1 1 1 0 1 1 1 0 1 1 1 1 1 1 1 1 1 1 1 1 1 0 0 1 0 0 0 0 1 1 0 1 1 0 1 0 1 0 1 1 0 0 1 1 0 1 1 1 0 0 1 0 0 0 0 1
1 0 0 0 1 0 0 1 1 1 1 0 1 0 1 0 1 1 0 0 0 1 1 0 0 1 1 1 1 0 0 1 1 1 1 1 1 0 1 1 1 0 0 0 0 1 0 1 1 0 0 0 0 1 0 1 1 1 0 1 1 1 0 1 1 1 0 1 1 1 1 1 1 0 0 0 1 1 1 1 1 1 0 0 0 1 1 1 1 0 1 1 1 0 1 0 0 0 0 0 0 0 0 0 0 1 0 0 0 0 1 1 0 1 0 0 0 1 0 1 1 1 0 1 0 1 1 1 0 0 0 0 1 0 1 0 1 0 0 0 1 0 1 1 1 1 0 1 0 0 0 0 1 1 1 1 1 0 0 0 0 0 1 0 1 1 1 1 0 0 1 0 0 0 0 1 1 0 0 1 0 1 0 1 1 1 1 1 1 1 1 1 1 1 0 0 1 1 0 1
0 0 1 1 0 0 1 1 0 0 1 0 0 1 0 1 0 1 0 0 0 0 1 0 0 1 1 1 1 0 0 1 0 1 0 0 1 1 1 0 0 0 0 0 0 1 0 1 0 1 0 0 1 1 0 1 1 0 0 1 0 0 1 0 1 0 1 1 1 1 0 0 0 0 1 0 1 1 1 0 1 0 1 0 1 1 1 0 0 1 0 0 0 0 1 0 0 1 0 1 1 1 0 0 0 0 1 0 1 0 1 1 1 0 0 1 1 0 1 1 1 0 1 1 0 1 1 0 0 1 1 0 1 0 0 1 1 0 1 0 0 0 1 1 1 1 1 0 1 0 0 1 1 0 1 0 1 0 1 0 1 0 1 1 1 0 1 1 0 1 1 1 1 1 1 0 1 1 1 1 1 0 1 0 1 0 1 1 1 0 1 1 1 0 1 0 1 0 0 1
1 1 0 0 1 1 0 1 0 1 1 0 1 1 1 1 0 1 0 1 1 0 0 1 0 1 0 0 0 0 1 0 1 1 1 0 1 1 0 1 0 0 0 1 0 0 1 0 0 0 0 0 0 0 1 0 0 0 1 1 0 0 1 1 1 1 0 0 0 1 0 0 0 1 0 1 1 1 0 1 0 1 1 0 0 1 0 1 0 1 0 0 0 1 0 1 1 0 1 1 1 0 1 1 0 0 1 1 1 1 0 1 1 1 1 1 1 0 0 0 0 0 1 0 0 1 0 0 0 1 1 0 0 0 0 0 1 0 0 1 0 1 1 0 0 0 0 0 0 1 0 0 0 1 1 1 0 1 1 1 1 0 1 0 0 1 0 0 1 0 1 1 1 1 0 1 1 1 0 1 1 1 1 0 0 0 1 1 1 1 1 0 0 1 0 0 1 1 0 0
1 0 1 1 1 1 0 1 1 1 1 1 0 1 0 0 1 0 0 0 1 1 0 0 0 1 0 0 1 0 0 0 1 0 1 0 1 0 0 1 1 1 1 0 1 1 0 1 0 0 0 0 0 0 1 0 1 0 1 0 1 1 1 0 0 1 0 0 0 1 0 0 0 1 0 1 1 0 0 1 1 0 0 0 1 0 0 1 1 1 0 1 1 0 1 1 0 1 0 0 1 1 0 1 1 1 0 1 0 0 1 1 1 0 1 0 1 0 0 1 1 1 0 0 1 0 1 0 0 0 1 1 1 1 1 0 0 1 0 0 0 1 0 1 0 0 1 0 0 0 0 0 1 1 1 1 1 1 1 0 1 1 0 1 0 0 0 1 0 1 0 0 0 0 0 0 0 0 1 0 1 1 1 1 1 1 0 1 1 0 0 0 1 0 1 1 0 1 0 0
1 1 0 1 0 1 0 1 0 1 0 0 1 1 0 0 0 1 1 0 0 0 1 0 1 0 1 0 0 1 0 0 1 0 0 1 1 1 0 0 0 1 1 0 1 0 0 1 1 1 0 1 0 0 0 1 0 0 1 0 1 1 0 1 0 0 0 0 1 0 0 1 1 0 1 1 1 1 0 1 0 1 1 1 0 1 0 0 1 1 1 1 1 0 1 1 0 0 1 0 1 1 1 0 1 1 1 0 0 0 0 1 0 1 1 1 0 1 1 1 1 1 0 0 1 0 1 0 0 0 1 1 0 1 0 0 0 0 0 1 0 0 0 1 0 1 0 0 0 0 1 1 0 1 1 1 1 1 1 1 0 1 0 1 1 1 0 1 1 0 1 0 1 1 0 1 0 1 1 0 1 0 1 1 0 1 0 0 1 0 1 1 0 1 1 0 0 1 1 0
0 1 1 0 0 0 1 0 0 0 0 1 0 1 0 1 0 0 0 0 0 0 0 1 1 0 1 1 1 0 0 1 0 1 0 0 0 0 0 1 1 1 0 0 0 0 1 1 0 1 0 1 0 1 0 1 1 0 0 0 0 0 1 0 0 0 0 0 1 0 1 0 0 0 0 0 0 1 0 0 0 1 1 0 0 0 0 1 1 1 0 1 1 1 0 1 0 1 0 1 0 0 0 0 0 0 0 1 0 1 0 1 1 0 0 1 0 0 1 1 1 0 0 0 1 0 1 1 0 1 1 0 0 1 1 0 0 0 0 0 0 1 1 0 1 0 1 1 1 1 1 0 1 0 0 1 0 1 0 1 1 1 0 0 1 0 0 0 0 0 1 0 0 1 1 0 1 1 1 0 0 1 0 0 1 1 0 1 1 1 0 0 0 0 1 0 0 1 1 0
0 1 0 0 1 0 1 1 0 1 1 0 1 0 0 0 1 1 0 0 0 1 1 0 1 1 1 1 0 0 0 0 0 1 0 0 0 0 1 1 0 0 1 0 1 1 1 1 0 1 1 0 0 1 0 1 1 0 1 0 1 0 0 0 0 1 0 0 1 1 1 1 0 1 1 1 1 1 0 1 0 1 1 0 0 1 1 1 0 0 0 0 0 0 1 0 1 1 1 1 0 0 0 0 0 0 0 0 0 1 0 1 0 1 1 0 1 1 0 1 1 0 0 0 1 0 0 1 0 0 1 1 1 1 0 1 0 0 1 1 1 0 0 1 1 1 1 1 1 1 0 1 1 1 0 0 0 0 1 1 1 1 1 0 1 0 0 1 0 0 1 0 0 0 0 1 1 1 0 1 0 1 1 1 0 0 0 1 0 1 0 1 1 1 0 0 0 1 0 1
1 1 0 0 1 0 0 1 0 0 0 1 0 1 0 0 0 0 1 1 0 1 1 0 1 0 1 1 1 0 1 1 1 0 0 0 1 0 0 0 0 0 0 1 0 0 1 0 0 0 1 1 1 1 1 1 1 1 0 1 0 0 1 0 0 1 1 1 0 1 0 1 1 1 0 0 1 1 0 1 1 1 1 1 1 0 0 0 1 0 0 0 1 0 0 1 0 1 0 0 0 1 0 0 0 0 0 1 1 0 1 1 1 1 1 0 0 1 1 0 0 0 1 1 0 0 1 0 1 1 0 1 1 0 0 1 1 0 1 0 0 0 1 0 1 0 0 0 0 1 0 1 0 0 0 0 0 0 0 0 1 1 0 1 0 0 0 1 1 1 1 0 1 1 0 1 1 0 1 0 0 0 0 0 1 1 1 1 1 1 0 0 1 0 0 1 0 1 1 1
1 1 0 0 0 0 1 0 0 1 1 1 1 1 0 1 0 1 0 0 0 1 0 0 1 0 0 1 0 0 0 0 1 0 0 1 1 0 0 0 1 1 1 1 1 1 1 0 1 1 0 1 1 1 0 0 1 1 0 0 1 1 0 1 1 1 1 1 1 1 0 1 1 1 0 1 1 0 0 0 1 1 1 0 1 1 1 0 0 0 0 0 0 0 0 1 1 1 0 0 0 1 1 1 1 0 0 0 1 1 0 0 0 0 1 1 1 1 1 1 0 0 0 0 0 1 1 1 1 1 0 0 1 0 0 0 0 0 0 0 1 0 0 1 1 0 1 1 1 1 0 0 1 0 1 0 0 1 1 0 1 0 0 0 1 0 0 1 0 1 1 0 1 0 0 1 1 1 1 1 0 1 0 0 0 0 0 1 1 1 0 1 1 1 1 1 1 0 1 0
0 1 1 0 1 1 1 0 0 1 1 0 1 0 1 0 1 0 0 0 0 1 0 1 0 0 1 1 1 1 1 1 0 1 0 0 0 1 1 1 0 0 1 0 0 0 0 1 0 0 1 1 1 0 1 0 1 1 1 0 1 0 1 0 1 1 1 0 1 0 0 0 0 1 0 0 0 0 1 1 1 0 1 1 0 0 0 0 1 1 1 0 1 0 1 0 0 0 0 0 1 0 1 1 1 1 0 0 0 0 1 1 0 0 1 0 1 1 1 0 0 1 1 1 1 0 0 0 0 1 0 1 0 1 0 1 1 1 1 1 0 0 1 0 0 0 1 0 1 0 0 1 1 0 1 1 0 0 0 1 1 0 1 1 1 0 1 1 0 1 1 0 0 1 0 1 1 0 0 1 0 1 1 0 0 0 1 0 0 0 1 0 1 1 1 1 0 0 1 1
1 1 1 0 1 1 1 0 1 0 1 0 0 1 0 0 0 1 0 1 1 0 1 1 1 1 1 0 0 1 0 0 1 0 1 0 1 0 1 0 0 0 1 1 1 1 1 0 1 1 1 1 0 1 1 1 1 0 1 1 0 1 1 0 1 1 0 0 1 1 0 1 1 0 1 0 1 0 1 0 0 1 1 0 0 0 1 0 1 1 1 1 0 1 1 0 0 0 1 1 1 0 0 0 1 0 1 1 0 1 0 0 0 1 1 1 1 0 1 1 1 1 0 0 0 0 1 0 1 1 1 1 1 1 1 0 1 0 1 0 1 0 1 0 0 0 0 0 1 1 0 1 1 1 1 1 0 1 0 0 0 0 0 0 0 1 1 1 0 0 0 1 1 1 1 0 0 1 1 0 0 1 1 0 0 0 0 1 0 1 0 0 0 0 0 1 0 0 0 1
0 1 1 1 1 1 1 0 1 0 1 1 1 0 1 1 1 1 0 0 1 1 1 1 1 1 1 1 0 1 1 0 0 0 1 0 0 0 0 1 1 1 0 0 0 0 0 0 1 1 1 1 0 1 1 1 0 0 1 1 1 1 0 1 1 0 0 0 1 0 0 1 0 0 0 0 1 0 1 0 0 0 1 1 0 0 1 1 0 1 0 1 1 0 0 1 1 0 0 0 0 0 0 1 0 1 1 0 1 0 0 0 1 0 1 1 0 0 0 0 0 1 1 1 0 0 1 0 1 0 0 1 1 1 1 1 1 0 1 1 0 1 1 0 0 0 0 1 0 1 1 1 1 0 0 0 1 1 0 0 0 1 0 1 1 1 0 0 0 0 0 1 1 0 0 1 0 1 1 1 0 0 0 0 0 1 1 1 1 1 0 1 1 1 1 0 1 0 1 0
0 0 1 0 1 1 1 1 0 1 0 0 1 1 0 0 0 0 0 0 0 1 1 1 1 1 1 1 1 1 1 1 1 0 0 1 1 1 0 1 1 0 0 0 0 1 0 1 0 0 0 0 0 0 1 0 0 1 1 0 0 0 1 1 0 1 0 1 1 1 0 1 0 1 1 0 0 0 1 0 1 1 1 0 0 0 0 0 1 0 1 1 1 1 0 0 1 1 0 0 1 1 1 1 1 1 0 0 0 1 0 0 1 0 0 0 0 1 1 0 0 1 1 1 1 1 0 0 0 1 1 1 1 1 0 1 1 0 0 0 0 0 0 1 1 1 0 1 0 1 0 0 1 0 1 1 1 1 0 0 0 1 0 1 0 1 0 0 1 0 0 0 1 1 1 1 0 1 1 1 1 1 1 0 0 1 1 1 0 0 0 1 0 1 1 0 1 0 1 1
1 1 0 1 0 1 0 1 1 0 0 1 1 1 1 0 0 1 1 1 0 0 1 1 1 0 1 0 0 0 1 1 0 1 0 0 0 0 1 0 0 1 0 1 0 0 0 0 1 0 0 1 0 1 0 1 1 1 0 1 0 0 1 1 0 1 0 0 1 0 0 0 0 0 1 0 1 0 1 0 0 1 1 1 0 0 0 0 1 0 0 1 0 0 0 0 1 1 1 0 1 0 1 0 0 1 0 1 0 0 0 0 1 1 0 1 1 0 0 0 0 0 1 0 0 1 1 1 1 0 0 1 0 0 1 0 1 0 0 0 1 0 0 1 1 1 0 1 1 1 1 1 1 0 1 1 0 1 1 0 0 0 1 0 0 1 0 0 0 0 0 1 1 0 0 0 1 0 1 0 0 1 0 0 0 0 0 0 0 1 0 1 0 1 0 1 0 1 0 0
0 0 0 0 0 0 0 1 1 0 1 0 1 0 0 1 0 1 0 0 0 0 0 1 0 0 0 1 1 0 0 1 0 0 1 0 1 0 0 1 0 1 0 0 0 0 1 1 0 0 1 1 0 0 1 1 1 1 1 0 1 0 1 0 1 0 1 1 1 0 0 0 1 1 0 1 1 0 1 1 1 1 1 0 0 0 1 0 0 0 0 0 1 1 0 0 1 1 0 0 0 1 1 0 1 1 0 1 1 1 1 1 0 1 0 1 1 1 0 1 0 0 0 0 1 1 1 1 1 1 0 0 0 0 0 1 0 1 0 1 1 1 1 1 1 0 1 0 1 0 1 1 0 1 0 0 0 0 1 0 0 0 0 1 1 0 0 0 1 0 0 0 0 0 1 1 1 1 1 1 1 1 1 0 1 0 0 0 1 0 0 1 0 0 0 1 0 1 1 1
0 1 1 0 0 1 0 1 0 0 0 0 0 0 0 0 1 0 0 1 0 0 0 1 0 0 1 0 1 1 0 0 0 0 1 0 1 0 1 1 1 0 0 1 1 0 0 1 0 0 1 1 0 1 1 0 1 1 1 0 1 0 0 1 1 0 1 1 0 0 0 1 0 0 0 0 1 0 0 1 0 1 1 1 1 1 0 1 0 0 1 0 1 0 0 1 1 1 0 1 0 1 0 1 0 1 1 0 1 1 1 1 0 1 1 0 1 0 0 0 1 1 0 0 1 1 0 1 1 0 1 0 0 1 0 0 0 1 1 1 1 0 1 0 0 0 1 0 0 1 1 1 0 0 0 1 0 0 0 0 0 1 0 0 0 1 0 0 1 0 1 0 1 0 0 1 0 1 0 0 0 1 0 1 0 1 0 0 0 1 1 1 1 0 1 1 0 1 0 0
1 1 0 0 0 0 0 0 0 0 1 1 0 1 0 0 0 1 1 1 1 1 1 0 0 0 0 0 0 1 0 1 1 0 1 1 0 1 0 1 1 0 0 1 0 1 1 0 0 1 1 0 0 1 1 0 1 0 0 0 0 1 1 0 0 0 1 0 0 0 1 1 0 1 1 0 1 1 0 0 0 1 0 0 1 1 1 0 0 0 1 0 1 1 0 1 0 1 0 0 0 1 1 0 1 1 0 0 0 0 1 0 1 1 0 1 0 0 0 1 0 1 1 1 0 0 1 1 1 1 1 1 0 0 1 1 0 0 1 0 0 0 0 1 0 1 0 1 1 1 0 0 1 0 0 0 1 0 0 0 1 0 0 1 0 0 1 0 0 1 0 0 1 1 1 1 0 1 1 0 0 0 1 1 0 0 0 1 1 0 0 0 1 0 1 0 0 1 0 1
0 0 0 1 0 1 1 0 1 1 1 1 0 0 0 0 1 0 1 1 0 1 0 0 0 0 0 1 1 1 1 1 0 0 0 0 1 0 0 1 0 0 1 1 0 0 1 1 1 1 1 0 0 0 0 1 0 1 1 0 1 0 0 0 0 0 0 1 1 1 0 1 1 0 0 0 0 1 0 0 0 0 1 1 1 0 1 0 1 0 0 1 0 0 0 0 0 0 0 0 0 1 0 0 1 1 1 1 0 1 0 1 0 1 1 0 0 1 1 1 1 1 1 1 0 1 0 0 1 0 0 1 1 1 0 0 1 1 1 1 0 0 0 0 1 0 1 1 0 0 1 0 1 1 0 1 1 1 0 1 1 0 1 1 1 0 0 1 1 0 1 1 1 1 1 1 0 1 0 0 1 1 0 0 0 1 0 1 1 1 1 0 1 1 1 1 0 1 1 1
0 0 1 1 0 0 1 0 0 1 0 0 1 0 0 0 0 1 0 0 1 1 0 0 1 0 0 0 1 0 1 0 1 0 1 1 1 1 1 0 0 1 0 0 0 0 1 0 1 1 1 0 0 1 1 1 0 1 0 0 1 1 0 0 0 0 1 1 0 1 1 0 1 1 1 1 0 1 1 1 0 0 0 0 0 0 1 0 1 0 1 1 1 1 0 1 1 0 1 0 1 0 1 1 0 0 1 0 0 0 0 1 1 1 0 1 1 0 1 1 1 1 0 1 0 0 0 1 1 0 0 0 0 1 1 1 1 0 0 1 0 0 1 1 1 1 1 0 0 1 0 1 1 0 1 1 0 0 0 0 1 0 0 1 0 1 0 0 1 0 1 0 0 0 1 1 1 0 1 0 0 0 1 1 0 1 1 0 0 1 0 0 1 0 0 1 1 1 0 1
1 1 0 1 1 0 1 1 1 0 1 1 1 1 1 1 0 1 1 0 1 1 0 1 1 0 0 0 1 1 1 0 0 0 0 0 0 0 1 1 1 0 1 0 0 0 0 1 0 0 1 0 1 1 1 0 0 1 1 0 0 0 0 1 1 0 0 1 1 1 0 0 1 0 0 0 1 1 0 0 0 1 1 1 0 1 1 0 0 1 1 1 1 1 1 0 0 1 1 1 0 0 0 1 1 1 1 1 1 1 1 1 1 0 1 0 0 0 1 0 1 0 1 1 0 0 0 1 0 0 0 0 1 0 0 0 0 0 0 1 0 1 1 0 0 0 0 1 0 1 1 0 0 1 1 1 0 1 0 1 1 0 0 0 1 0 1 0 1 1 0 0 1 1 1 1 0 0 1 0 0 0 1 1 0 1 0 0 1 0 1 0 1 1 0 1 1 1 0 0
1 0 0 1 0 0 0 1 0 1 0 1 0 1 0 1 0 1 1 1 0 0 0 0 1 1 0 1 1 0 1 0 1 0 0 1 0 0 0 1 0 0 1 1 0 1 0 1 0 0 0 0 0 1 0 0 1 1 0 0 1 0 0 1 0 1 1 0 1 1 0 1 1 0 1 0 1 0 1 0 1 1 0 0 1 1 1 1 1 0 0 0 1 1 0 0 0 1 0 1 1 0 0 1 1 0 1 1 0 0 1 1 0 0 0 1 1 1 0 1 1 0 0 1 0 1 0 1 0 1 1 1 1 0 0 0 0 1 1 1 0 0 0 0 0 1 0 0 1 0 1 0 0 1 0 0 0 1 1 0 0 0 0 1 1 1 0 0 0 0 1 0 0 1 1 0 1 1 1 1 1 0 0 1 1 1 0 0 0 0 0 1 0 0 1 1 0 0 1 0
1 0 1 1 1 0 0 0 0 1 1 1 0 0 1 0 1 1 0 1 0 1 0 0 1 0 1 1 1 0 0 0 1 1 0 0 1 1 0 1 0 1 1 1 1 1 1 0 0 0 0 1 0 0 1 1 0 0 1 0 0 0 1 0 1 0 0 0 0 0 0 0 0 1 1 0 1 0 0 1 1 0 1 0 1 1 0 1 1 0 1 1 1 0 1 1 0 1 1 1 1 0 1 1 1 0 1 1 0 1 0 1 1 1 1 0 1 1 0 1 1 1 1 0 0 1 1 0 0 0 0 1 0 1 1 0 1 0 0 1 1 1 1 1 1 1 0 0 0 1 1 0 1 0 0 1 1 1 1 0 1 1 0 0 0 0 0 1 0 0 0 1 0 0 1 0 1 0 0 1 1 0 0 0 0 0 0 0 1 0 0 0 0 0 1 0 0 1 1 0
0 1 0 0 1 0 0 1 1 0 1 1 1 1 0 0 1 1 1 1 1 1 1 1 1 0 0 1 0 0 1 1 0 1 1 0 1 0 0 0 0 0 1 0 1 1 1 0 0 0 0 0 0 0 1 1 1 0 1 0 0 0 1 0 1 1 1 1 1 0 0 0 0 0 1 0 1 1 1 1 1 0 0 1 1 1 0 0 0 0 1 0 1 1 1 1 0 1 0 1 0 1 0 0 1 1 0 0 1 1 0 0 0 1 0 1 1 1 1 0 0 0 0 0 0 1 0 1 1 1 1 0 0 1 1 1 1 0 0 1 0 0 1 0 0 1 0 1 0 1 0 0 0 1 0 1 0 0 0 0 0 1 1 0 1 1 0 1 1 1 0 1 0 1 1 1 1 1 0 1 0 0 0 1 0 1 0 0 1 0 1 1 1 0 0 0 1 0 1 1
0 1 0 1 1 0 1 1 0 1 1 0 1 1 1 1 1 1 0 1 0 0 1 1 1 0 0 1 0 0 1 1 0 0 1 0 0 1 1 0 0 0 1 1 0 0 0 0 1 1 0 0 0 0 0 0 0 0 0 1 1 1 1 1 1 0 1 0 1 0 0 1 0 0 0 0 1 0 0 1 0 0 0 1 1 1 1 1 1 1 0 0 1 0 0 1 1 0 1 1 1 0 1 1 0 0 1 1 1 1 1 1 1 1 1 0 0 0 0 0 0 0 1 0 1 1 1 0 1 1 0 0 1 1 0 0 0 1 0 1 0 1 1 0 1 1 0 1 0 1 0 1 0 0 0 0 0 0 0 0 0 1 0 0 0 0 0 1 0 0 0 0 0 1 1 0 0 1 0 0 0 0 0 1 1 0 1 1 1 0 0 0 1 0 0 0 1 1 0 1
0 1 1 0 1 1 0 0 0 1 1 0 0 1 0 1 0 0 1 0 1 1 0 1 0 0 0 1 1 0 0 1 1 0 0 0 1 1 0 1 0 1 1 1 1 0 0 1 0 0 1 1 0 0 0 1 0 1 0 0 1 1 1 0 1 0 1 0 0 1 1 1 1 1 1 0 1 1 1 1 0 0 0 1 0 1 0 1 0 1 1 1 1 0 1 1 0 0 0 1 1 1 1 1 1 1 1 0 1 1 0 1 0 0 0 0 0 1 1 0 0 1 1 1 0 1 0 1 1 1 1 0 1 0 0 0 0 0 0 1 0 0 0 1 0 0 1 1 0 1 0 0 1 1 0 0 1 0 0 1 1 1 1 0 1 1 1 1 0 0 0 1 0 1 1 1 1 1 1 1 1 0 0 0 1 0 1 1 0 0 1 1 0 0 0 1 1 1 0 0
1 1 0 0 0 0 0 1 0 0 1 0 0 1 1 1 1 0 1 1 0 1 1 0 0 0 0 1 0 1 0 0 1 1 0 0 0 0 1 1 1 1 0 1 1 0 0 0 0 1 0 0 0 1 1 1 1 0 0 1 0 1 1 0 0 0 1 0 0 1 1 0 0 0 1 0 1 0 0 1 0 1 1 0 0 1 1 1 0 0 1 0 0 0 0 0 1 0 1 0 0 1 1 0 1 1 0 0 0 0 0 1 0 0 0 1 1 0 0 0 1 1 0 1 1 1 0 1 1 1 0 1 1 1 1 1 0 1 1 1 0 0 1 0 1 1 1 0 1 1 0 0 0 1 0 0 1 0 1 1 0 1 0 1 1 1 1 1 0 0 1 1 0 0 1 1 1 1 0 1 1 0 1 0 0 0 0 1 1 1 1 1 1 1 0 1 0 1 1 1
0 1 1 0 0 0 0 1 0 0 1 0 0 0 1 1 1 0 0 1 1 0 1 0 1 1 1 1 0 0 0 0 0 0 0 0 1 1 1 0 0 1 1 1 1 0 0 1 0 0 0 1 1 0 0 1 0 0 0 0 1 0 1 0 0 0 0 1 1 0 0 0 0 0 1 1 1 0 0 1 1 0 0 1 1 0 1 0 1 1 0 1 0 1 0 0 1 1 1 0 0 1 1 0 1 1 0 0 0 0 0 1 1 0 1 1 1 0 1 1 0 0 0 0 1 1 0 0 0 1 0 1 0 1 1 0 1 1 0 0 1 0 1 0 1 0 1 0 0 1 0 1 1 1 0 0 1 1 1 0 1 0 0 1 0 1 1 1 0 1 1 0 1 0 0 0 1 1 0 1 0 1 0 1 1 0 0 0 0 1 0 0 0 1 1 0 0 1 0 0
0 0 0 1 0 0 0 1 1 1 0 1 1 1 1 1 0 0 0 0 0 0 0 0 1 0 1 0 1 0 0 1 0 1 1 1 1 1 1 1 1 0 1 1 0 0 1 1 0 1 1 1 0 1 0 0 1 0 1 0 1 0 1 1 1 1 0 0 1 1 0 1 1 1 1 0 0 0 1 0 1 0 0 1 1 1 1 0 1 1 1 1 1 0 1 1 1 1 0 1 1 1 1 1 1 0 0 0 0 0 1 0 0 1 1 0 1 1 1 1 0 0 1 1 0 1 0 1 0 1 0 0 0 0 0 1 0 1 1 0 1 0 0 0 1 0 1 1 0 0 1 0 0 1 1 0 1 1 1 1 0 0 1 0 1 0 0 0 0 0 1 1 1 1 0 0 1 1 0 1 1 0 1 0 0 0 1 0 0 1 0 1 1 0 0 1 1 0 1 0
1 0 0 1 0 1 1 1 0 1 0 0 0 1 0 0 1 0 1 1 1 0 0 0 1 0 1 0 0 0 1 0 1 0 1 0 1 1 0 0 0 0 0 0 0 1 1 0 1 0 1 0 1 0 0 1 0 1 0 0 0 0 0 1 0 0 0 1 0 1 1 1 1 0 0 1 1 1 1 1 0 0 0 0 1 1 1 0 0 1 0 1 0 0 1 1 0 1 0 1 1 0 0 1 0 1 0 1 1 0 1 1 1 1 0 1 0 0 0 1 0 0 1 0 1 1 0 1 0 0 1 1 1 0 1 1 1 0 1 0 1 1 1 1 0 1 1 0 1 1 0 1 1 0 1 0 1 1 0 1 1 0 1 1 0 1 1 1 1 0 1 0 1 1 0 0 0 0 0 1 0 0 1 0 1 1 0 1 1 1 1 1 1 1 0 0 1 0 0 1
1 1 1 0 0 1 0 0 1 0 0 1 0 1 0 1 1 0 0 1 0 0 0 1 0 1 1 1 1 1 0 0 1 1 0 1 1 0 0 1 1 0 1 1 0 0 0 0 0 0 0 1 1 0 1 0 1 1 0 0 0 0 1 1 0 0 0 0 0 0 0 0 1 0 0 0 1 1 0 1 1 0 0 1 0 1 1 0 1 1 0 1 1 0 1 0 1 0 0 1 0 0 1 1 1 1 1 0 0 0 1 1 1 0 0 0 0 1 0 0 1 1 0 0 0 1 0 1 0 0 0 1 1 0 0 1 0 1 0 0 0 1 1 1 0 0 0 1 1 0 0 1 0 0 0 1 0 1 1 1 0 0 0 1 1 0 0 0 1 0 0 1 1 0 1 1 0 0 0 1 0 1 0 1 1 1 0 0 1 1 0 1 1 1 1 0 0 0 1 0
1 1 0 1 1 1 1 0 0 0 1 1 1 1 0 0 1 0 1 0 0 0 1 0 0 0 0 0 1 1 1 1 1 0 0 1 1 0 0 0 0 1 0 0 0 0 0 1 0 1 1 1 1 0 1 1 0 1 1 1 1 1 1 0 0 1 1 0 0 1 1 0 0 0 1 0 0 1 0 1 1 0 1 1 0 1 0 0 1 0 0 1 0 0 0 0 0 1 1 0 0 0 1 0 0 0 1 0 0 1 1 1 1 1 1 0 0 1 0 1 0 1 1 1 1 1 1 0 0 0 1 1 0 0 1 0 1 1 0 0 1 1 0 0 0 0 0 1 1 0 0 0 1 0 0 0 0 1 1 0 1 1 1 0 0 1 1 0 0 1 1 1 1 1 0 1 1 1 0 1 0 0 0 1 0 1 1 1 1 0 0 0 1 1 1 0 0 1 0 1
0 0 0 0 1 0 1 0 0 0 0 0 1 0 0 1 0 1 1 1 0 1 0 1 0 1 1 1 1 1 1 1 0 1 0 0 0 0 1 0 1 0 1 0 1 1 1 1 1 1 0 0 0 1 1 0 0 0 0 0 0 0 1 0 1 1 1 0 0 1 0 1 0 0 0 0 1 1 1 1 0 0 1 1 0 0 1 1 0 1 0 0 1 0 1 1 0 0 1 0 1 0 1 0 0 1 1 1 1 1 0 0 1 0 0 0 0 0 1 1 0 0 0 1 0 1 1 0 1 0 0 0 0 1 1 0 0 0 0 1 1 1 0 1 1 1 0 0 1 1 1 0 0 0 1 1 0 1 0 0 0 1 0 1 1 0 0 1 0 1 1 1 1 1 0 0 0 0 0 0 1 0 0 0 1 1 0 0 1 1 0 1 0 1 1 1 0 1 0 0
0 0 0 0 1 0 0 1 1 0 0 0 0 0 1 0 1 1 0 1 0 1 0 0 1 0 0 0 0 1 1 1 0 0 1 0 0 0 1 1 1 0 1 0 1 1 1 1 1 0 1 1 0 0 1 1 0 0 1 0 0 0 1 1 1 1 1 0 0 1 1 0 1 0 0 1 0 1 0 0 0 0 0 0 0 1 1 0 0 0 1 1 1 0 0 1 1 1 1 0 1 1 1 0 0 1 0 0 0 1 1 1 1 1 0 1 0 1 0 0 0 0 1 0 0 0 0 0 1 0 1 1 0 0 1 0 1 1 0 1 1 1 1 0 1 0 1 0 1 1 1 0 0 0 1 0 0 0 1 1 0 0 1 0 0 0 1 1 0 0 1 1 0 0 1 1 1 1 1 1 0 0 1 0 1 1 0 0 1 0 0 0 0 0 0 0 1 1 0 0
0 1 1 1 1 0 1 1 1 0 0 1 0 0 1 1 0 0 0 0 1 1 0 1 0 0 1 1 0 0 0 0 0 1 1 1 0 0 0 0 1 0 1 0 1 0 1 1 1 1 0 1 1 1 0 0 1 0 0 1 1 1 0 0 1 0 0 1 1 0 0 0 0 0 1 0 0 1 0 1 1 1 1 0 1 1 1 1 0 1 0 0 1 1 1 0 1 0 1 0 0 1 0 1 1 1 0 1 1 1 1 1 0 1 0 1 1 1 1 0 1 0 0 1 0 1 1 1 0 1 0 1 1 0 0 1 0 0 0 0 0 0 0 1 1 1 0 0 1 0 0 1 1 1 0 1 1 0 1 1 0 1 1 0 0 1 1 1 0 1 0 0 0 1 0 0 1 0 1 0 0 0 1 1 0 0 0 1 0 0 1 1 0 0 0 0 0 1 1 1
1 0 0 1 1 1 0 0 0 0 1 1 0 0 0 0 0 0 1 1 1 0 1 0 1 0 1 1 0 1 1 1 1 0 0 0 0 1 1 0 0 0 1 1 1 0 0 1 1 1 0 0 1 1 0 1 1 0 0 1 0 0 0 0 1 1 0 0 0 0 1 0 0 0 0 1 0 1 0 1 1 1 0 1 1 0 1 1 1 0 0 0 0 1 0 1 0 1 1 0 1 1 0 0 1 0 0 1 1 0 0 0 0 1 0 0 0 1 1 0 1 0 1 1 1 0 0 0 0 0 0 1 1 0 1 0 1 0 0 0 1 0 1 0 1 0 0 1 0 0 0 1 0 0 0 0 1 1 0 0 0 1 1 0 0 0 0 1 0 1 0 0 0 0 0 1 0 0 1 1 0 1 0 0 0 0 0 0 1 1 0 0 1 1 0 0 1 0 1 1
1 0 0 1 1 1 0 0 1 1 0 1 0 0 1 0 0 0 1 0 1 0 1 1 1 1 0 1 1 1 1 1 1 0 0 0 1 1 1 0 1 0 1 1 0 0 1 0 0 1 1 0 1 1 0 0 0 1 1 1 0 0 1 0 0 0 1 0 1 1 1 0 0 0 1 0 1 0 0 1 1 1 0 0 0 0 0 0 0 1 0 0 1 1 0 0 1 0 0 1 0 0 1 0 1 0 0 1 1 0 1 0 0 0 1 1 1 0 1 0 1 1 1 0 1 1 0 0 0 0 0 1 1 0 0 1 0 0 0 0 1 0 0 0 0 1 0 0 0 0 1 1 0 1 1 0 0 0 1 1 1 0 0 1 1 1 1 0 0 1 0 0 1 1 1 1 1 1 0 0 1 0 1 0 1 0 1 1 0 1 0 0 0 0 0 1 1 1 0 1
0 1 0 0 1 0 0 0 1 1 0 1 0 0 0 1 1 0 0 0 1 1 0 0 0 0 1 1 1 0 0 0 1 1 0 0 1 1 1 0 1 0 1 0 1 0 1 0 1 0 1 1 1 0 1 1 1 0 0 0 1 0 1 0 1 1 0 1 1 0 0 1 1 0 0 1 1 1 1 0 0 0 1 1 1 0 1 0 1 1 1 1 0 0 1 0 1 0 0 1 1 1 0 1 0 1 0 1 0 0 1 1 1 0 1 1 0 1 1 0 1 0 1 0 0 1 1 0 0 1 0 1 1 1 0 0 0 1 1 1 1 1 1 0 0 0 1 0 0 1 0 1 0 0 0 0 0 1 0 0 1 0 1 1 0 0 0 0 0 1 0 1 0 0 0 0 1 1 1 1 0 1 1 0 0 1 0 1 1 0 1 1 0 1 0 0 0 1 1 1
1 0 1 0 0 1 1 1 0 1 0 0 1 1 1 0 0 0 0 0 1 1 0 0 0 0 0 0 0 0 1 0 1 0 1 0 1 1 0 1 0 1 0 0 1 1 0 0 1 1 0 1 1 0 0 1 1 0 0 1 1 1 0 1 0 1 0 0 0 1 0 0 1 0 1 1 1 0 0 0 1 0 0 1 0 0 1 1 0 1 1 1 0 1 0 1 0 1 0 0 0 1 0 1 0 1 0 0 1 0 0 1 1 1 1 0 0 0 1 1 1 0 1 1 0 0 0 1 0 0 1 1 1 1 0 0 1 1 1 0 0 1 1 0 1 0 1 1 1 0 0 1 1 0 1 1 0 0 0 1 1 0 1 1 1 1 0 0 0 1 1 0 0 0 0 0 1 0 0 1 0 1 1 1 0 0 0 0 0 1 0 0 1 1 0 1 0 1 1 0
0 1 1 0 1 1 1 0 1 1 1 1 0 1 1 0 0 0 0 1 0 0 1 1 0 0 0 1 1 0 0 1 0 1 1 0 0 0 0 0 1 1 0 0 1 1 0 0 0 0 0 0 0 0 1 1 1 0 1 1 1 0 0 1 1 0 1 0 1 0 0 1 1 1 0 1 1 0 0 1 1 0 1 0 1 0 0 0 1 1 0 1 1 1 1 0 0 1 0 1 0 0 1 1 0 0 0 0 1 1 0 1 0 1 1 1 0 1 1 1 1 0 0 0 1 0 0 0 1 1 1 1 0 0 0 0 1 0 1 0 0 1 0 1 1 1 1 0 1 1 0 1 0 1 1 0 0 1 0 1 1 0 1 0 1 0 1 0 1 0 1 0 1 0 0 0 1 1 0 1 1 0 0 1 1 1 0 1 0 1 1 0 1 1 0 1 1 1 1 0
1 1 1 1 1 1 0 0 1 1 0 0 1 1 1 0 1 1 0 0 0 0 1 0 1 0 1 0 0 0 0 1 1 0 0 1 1 1 0 1 1 0 0 1 0 1 1 1 0 0 0 1 1 0 0 1 1 1 0 1 1 0 1 0 1 0 1 1 0 1 0 1 0 0 0 0 0 0 1 1 1 0 0 0 1 0 0 0 0 1 1 1 1 1 0 0 0 0 1 1 1 0 1 1 0 1 0 0 1 0 1 0 1 0 0 1 0 1 0 1 0 1 0 1 0 1 1 0 1 0 1 0 1 0 0 0 0 0 1 0 0 0 1 1 0 1 1 0 1 1 1 1 1 0 1 0 1 0 1 1 0 0 0 0 0 0 1 0 0 0 0 0 1 0 0 0 1 0 0 0 1 0 1 0 1 1 0 0 1 1 0 0 0 1 0 1 0 0 1 1
0 1 1 1 0 1 1 0 1 0 0 0 1 0 1 1 1 0 1 1 0 0 1 0 1 1 0 1 0 1 1 0 0 0 1 1 1 1 1 0 1 0 0 1 1 0 1 1 0 0 0 1 1 0 1 1 1 0 0 0 1 0 1 1 0 0 1 0 1 1 0 0 1 1 0 0 1 0 1 0 1 1 1 1 0 0 1 1 1 0 1 0 0 1 0 0 0 0 1 1 1 1 0 1 1 0 1 0 1 0 0 0 1 1 0 0 0 0 0 0 0 1 0 1 1 1 0 0 1 1 0 1 1 1 0 1 1 0 1 0 1 0 1 1 0 0 1 0 0 0 0 0 0 0 0 0 0 1 1 0 0 1 1 0 0 1 0 0 0 1 1 0 0 0 1 0 0 1 0 0 1 0 1 1 1 1 1 0 0 0 0 1 0 0 0 1 1 0 0 1
0 0 1 0 1 1 0 0 1 1 1 1 0 1 0 1 0 1 1 0 1 0 1 1 1 0 0 1 0 1 0 0 0 1 0 0 1 1 0 0 1 1 1 1 0 1 0 0 0 0 0 1 0 1 0 1 0 1 1 1 0 1 0 0 1 0 1 0 0 1 1 0 0 0 1 1 1 1 1 1 0 0 0 0 1 1 0 0 0 0 1 1 1 0 1 0 1 1 0 1 0 0 0 0 1 1 0 1 1 0 1 0 0 1 1 1 0 1 0 0 0 1 1 1 1 1 0 0 1 0 0 1 0 1 0 1 1 0 1 0 0 0 1 1 1 0 0 1 1 0 0 1 0 0 1 0 0 0 0 1 0 1 1 1 1 1 0 0 1 1 1 1 1 1 1 1 0 0 1 1 0 0 1 0 0 1 0 1 0 0 0 0 1 1 1 0 1 1 1 1
1 1 1 0 0 0 0 0 1 0 0 0 0 0 0 1 1 0 1 0 0 0 1 1 0 1 0 0 1 0 0 1 1 0 0 0 0 1 0 0 0 1 1 1 1 1 0 0 1 1 1 0 1 0 0 0 1 1 1 1 1 0 0 1 1 0 1 0 1 1 1 0 0 0 0 1 0 0 0 0 1 1 1 1 1 1 0 1 0 0 0 1 0 1 0 0 0 0 1 1 0 1 1 1 0 0 1 1 0 1 0 0 1 0 1 1 0 1 0 0 0 1 1 1 1 0 1 1 0 1 1 1 0 0 1 1 0 0 0 1 0 1 1 1 0 1 1 0 1 1 1 0 0 0 0 0 1 1 0 0 1 1 0 0 0 1 1 1 1 1 0 0 0 1 0 1 0 1 1 0 1 1 0 1 1 1 0 1 0 1 0 0 0 0 1 1 1 1 1 1
0 0 0 1 0 0 1 0 1 0 0 0 1 0 0 0 1 1 1 1 1 1 1 0 1 0 1 1 0 0 0 1 1 1 0 0 1 1 0 1 1 1 1 1 0 0 0 0 0 1 0 1 0 1 0 0 1 0 0 0 1 0 0 0 0 1 0 1 0 0 0 0 1 1 0 0 1 0 1 1 1 1 1 1 1 1 0 0 0 1 1 1 1 1 0 1 1 1 0 1 0 1 1 0 1 0 1 0 0 0 1 1 1 1 0 0 0 0 0 1 0 1 0 1 0 0 1 0 1 1 1 1 0 1 0 1 0 0 1 0 0 1 0 1 1 0 1 1 0 0 1 0 1 1 1 0 0 0 1 0 0 0 1 1 0 0 1 0 0 0 0 0 1 1 0 1 1 1 1 1 1 0 0 1 1 0 1 1 0 1 1 0 1 0 1 1 1 1 1 1
0 1 0 0 0 1 0 0 1 1 1 0 0 0 0 0 0 1 1 1 1 1 0 0 1 0 0 1 1 1 0 0 1 0 1 0 1 0 1 1 0 0 1 1 1 0 0 0 1 1 1 1 0 1 0 1 0 1 0 1 0 1 0 0 1 1 1 0 0 1 1 0 0 0 0 1 0 1 0 1 1 1 1 0 1 1 0 0 0 1 1 0 0 0 1 1 1 1 0 1 1 0 0 1 1 1 0 0 0 0 1 1 1 0 1 1 0 1 1 0 0 0 1 0 1 1 1 0 0 0 1 1 1 0 1 0 1 1 1 1 1 0 0 0 1 0 0 0 1 0 1 1 0 0 0 1 1 1 0 1 1 1 1 1 1 1 0 0 1 0 1 1 1 0 0 0 1 1 0 1 0 1 0 0 0 1 1 1 0 0 1 1 0 0 0 1 1 0 0 0
1 0 1 0 1 0 1 1 1 0 1 0 1 0 0 0 1 0 1 0 0 1 1 0 1 0 1 1 0 1 0 0 0 0 1 0 0 1 1 0 0 1 0 1 1 1 0 0 0 1 1 0 1 1 1 1 0 0 0 0 1 0 1 1 1 1 0 0 0 0 1 0 0 0 0 0 1 0 1 1 1 1 1 0 0 0 0 1 1 0 0 1 1 0 1 1 1 0 1 1 1 1 0 0 1 0 1 1 0 0 0 1 0 1 1 1 1 1 1 0 1 0 0 1 1 0 1 0 0 0 1 0 1 0 0 1 0 0 0 0 1 0 0 1 0 1 1 1 0 0 0 0 1 1 1 0 1 0 0 1 0 0 1 1 0 1 1 0 0 0 0 1 0 0 1 1 0 0 1 0 1 1 1 0 0 1 1 1 1 1 1 0 0 0 1 1 1 1 0 1
0 1 1 0 0 1 0 0 1 1 0 0 0 1 0 0 0 0 0 1 0 1 1 1 1 0 1 1 0 0 1 0 0 1 1 0 0 1 1 0 1 0 1 0 1 1 1 0 1 0 1 1 0 0 0 0 1 0 1 0 1 0 0 0 0 0 0 0 1 0 0 1 0 1 0 1 0 0 1 0 0 1 0 1 0 0 1 0 1 1 1 0 0 1 1 0 1 0 1 0 0 1 1 0 1 1 1 0 1 1 0 1 0 1 0 0 0 1 0 0 0 1 0 0 1 0 0 0 1 0 1 1 0 0 1 1 1 0 1 1 1 1 0 0 0 1 1 0 0 0 0 1 0 0 0 1 1 1 0 1 0 1 1 0 0 0 0 0 0 1 0 1 0 0 1 1 0 0 0 0 0 1 1 0 0 1 1 1 0 0 1 0 1 0 0 1 1 1 1 1
1 0 1 1 0 0 1 1 1 0 1 0 1 0 0 0 1 0 1 0 1 1 1 0 0 1 1 0 1 0 0 1 1 1 1 0 0 1 0 1 0 0 0 0 1 0 1 0 0 1 0 1 0 0 1 1 0 0 0 1 0 1 1 0 0 0 1 0 0 1 1 0 0 1 0 0 0 1 1 1 0 1 1 0 1 1 0 1 0 1 1 1 0 0 1 1 0 0 0 0 1 1 0 0 1 1 1 1 0 0 1 1 1 0 1 0 1 1 0 1 0 0 1 1 0 1 1 1 1 0 0 0 1 0 0 0 1 1 0 1 1 1 1 1 0 0 1 1 0 1 0 0 0 0 0 1 1 0 1 1 0 1 0 0 1 0 0 1 1 0 0 0 0 1 0 0 1 1 1 1 1 1 1 1 0 1 1 1 1 0 1 0 0 0 0 0 1 0 0 0
0 1 1 1 1 1 0 1 1 1 0 0 0 1 0 1 1 0 0 1 1 0 1 0 0 1 0 0 1 1 1 0 1 0 0 1 1 0 0 0 1 1 0 0 1 1 0 1 0 0 0 1 1 0 1 1 1 0 1 0 0 0 1 1 0 0 0 0 0 1 0 1 0 0 1 1 0 1 0 0 1 0 0 0 0 0 1 1 0 1 0 0 0 0 1 1 1 0 1 1 0 1 1 0 0 1 1 1 0 1 1 0 1 0 1 0 0 1 1 0 0 0 0 1 0 1 0 1 0 0 1 1 0 1 1 1 1 0 0 0 1 1 1 1 1 0 0 1 1 0 1 1 1 0 1 1 1 1 0 1 0 0 0 0 0 0 1 1 0 1 1 1 0 1 1 1 0 0 1 1 1 1 1 0 1 0 0 0 0 0 0 0 1 0 1 0 0 1 1 1
0 0 1 0 0 0 0 1 1 0 0 1 1 1 0 1 0 0 0 0 1 1 1 0 0 1 0 1 0 1 1 1 1 1 1 1 0 0 0 1 1 1 1 0 0 1 1 0 0 1 0 0 0 1 1 1 1 1 0 1 0 1 0 1 0 0 0 1 0 0 0 1 0 0 1 1 0 1 0 0 1 1 0 0 0 1 1 0 0 1 0 0 0 1 0 0 0 0 1 0 0 0 1 1 1 1 0 1 0 1 1 1 1 1 1 0 1 0 0 1 0 1 1 1 1 1 1 1 0 1 0 0 0 1 0 0 0 1 0 0 0 0 1 1 1 1 1 0 1 1 0 0 1 1 0 0 1 0 1 0 0 1 1 0 1 0 1 1 1 0 0 1 1 0 1 0 1 1 0 0 0 0 0 1 0 0 1 0 0 1 1 1 1 1 1 1 0 0 0 0
0 1 0 1 1 0 1 0 0 1 0 0 0 0 0 1 0 0 1 1 0 0 1 0 1 1 0 0 1 1 1 0 0 1 0 0 0 1 1 0 0 1 0 1 1 0 1 1 0 0 1 0 1 1 0 0 0 0 1 0 1 1 1 0 0 0 0 1 1 0 1 0 0 0 0 0 1 0 0 0 1 0 1 0 0 1 1 1 0 1 1 0 1 0 0 1 0 0 0 0 1 1 1 1 1 1 1 1 1 1 0 0 1 1 0 0 0 0 1 1 1 0 1 0 0 0 0 0 1 1 1 1 0 1 1 0 0 0 0 0 0 1 1 0 0 0 1 0 1 0 0 0 1 1 1 1 1 0 0 1 1 0 0 0 1 1 1 1 0 1 1 0 0 1 1 0 0 0 1 1 1 0 0 1 0 0 1 1 1 0 0 0 1 1 1 0 0 1 0 1
0 0 0 1 0 1 1 1 0 0 0 1 0 1 0 1 0 1 0 1 1 0 0 0 1 1 1 1 1 1 0 1 1 0 0 0 1 1 1 1 1 0 1 0 1 1 1 0 0 1 1 1 1 1 1 1 1 0 1 1 0 1 1 0 1 1 1 0 1 0 0 1 1 0 0 0 0 1 1 1 1 1 1 1 1 1 1 1 0 1 1 1 1 0 0 1 0 1 1 1 1 1 1 1 1 1 1 1 1 0 1 0 1 1 0 1 0 0 0 0 0 0 1 1 0 1 0 1 0 0 1 0 1 1 1 1 1 0 0 1 1 1 1 1 1 0 1 1 0 1 1 0 1 1 0 1 0 0 1 0 0 0 1 1 0 1 1 0 1 0 1 1 1 1 0 0 0 0 1 0 0 0 1 1 0 0 0 0 0 1 1 1 0 1 1 0 0 1 0 0
