100
74 71 91 84 67 39 51 70 18 93 68 63 95 29 24 32 85 30
0 0 0 1 0 1 1 0 1 0 0 1 0 0 0 1 1 0 0 0 1 0 1 0 1 1 0 1 1 1 1 0 0 0 0 0 0 1 1 1 1 1 1 1 0 1 1 0 1 1 1 1 1 0 1 0 1 0 1 1 0 1 1 1 0 0 0 0 1 1 1 1 0 1 0 1 1 1 0 1 1 0 1 1 1 0 0 1 0 0 1 0 1 0 0 1 1 1 0 0
1 0 1 0 0 1 0 0 0 0 1 1 0 0 0 1 0 0 0 0 1 0 0 0 1 0 1 1 0 1 0 1 1 0 0 0 1 1 0 0 1 1 1 1 1 0 0 0 1 0 1 1 1 1 1 1 0 0 0 0 1 1 0 0 1 0 0 0 1 1 1 1 1 0 1 1 1 1 1 1 1 0 1 0 1 1 1 0 1 0 1 1 1 1 1 1 1 0 0 0
1 1 0 0 0 1 0 1 0 0 1 0 1 1 1 0 1 1 1 0 0 1 0 0 0 1 1 1 0 1 0 0 1 0 1 0 1 0 0 1 0 1 0 0 0 0 1 1 1 0 1 1 1 1 0 0 1 0 1 0 0 0 0 1 0 1 0 0 0 0 0 0 1 0 0 1 0 1 0 1 0 0 1 1 1 1 1 0 0 1 0 1 0 1 0 0 0 0 0 0
1 1 0 0 0 0 0 1 0 0 1 1 0 1 0 0 0 1 1 0 1 1 0 0 1 1 1 0 1 1 0 0 0 0 1 0 0 1 0 1 1 0 1 0 1 1 0 0 1 1 0 1 1 1 1 0 1 1 0 1 0 1 0 1 1 1 1 1 1 1 1 1 0 0 1 1 0 1 0 0 1 1 1 0 1 0 0 1 1 0 0 0 1 0 0 0 1 1 1 1
1 1 0 0 0 0 1 1 0 1 0 1 0 1 0 0 1 1 1 1 1 0 1 1 0 0 0 0 0 1 0 1 0 1 0 1 0 0 0 1 0 0 0 1 0 0 0 1 0 0 0 1 0 0 0 0 0 0 0 1 1 0 0 1 1 1 0 1 1 1 1 0 0 0 1 1 1 1 1 0 1 1 1 1 0 0 1 1 1 1 0 1 1 1 0 0 0 0 1 0
1 0 0 0 0 0 1 0 0 0 1 0 0 0 1 0 1 1 1 1 0 1 1 1 0 0 1 1 0 0 0 1 1 0 0 0 1 0 1 0 1 0 0 0 1 1 1 0 1 1 0 0 1 1 0 0 0 1 1 1 0 1 1 1 1 1 1 1 0 0 0 1 0 0 0 0 1 1 1 0 0 1 1 0 0 1 1 1 0 1 1 0 1 0 0 0 1 0 0 1
1 1 1 1 0 0 0 0 0 1 1 0 0 0 0 0 1 1 1 1 1 1 1 1 0 1 1 1 1 0 0 1 1 0 1 0 0 0 1 1 1 1 1 0 0 1 1 0 1 0 1 0 0 0 0 1 0 0 1 1 0 0 1 0 1 1 0 1 1 1 1 1 0 0 0 1 0 0 1 0 0 0 1 1 0 0 0 1 0 1 0 0 0 1 0 0 0 0 0 0
1 0 0 1 1 0 1 0 0 1 1 1 1 1 0 0 0 0 1 1 1 0 1 0 0 1 0 0 1 0 0 0 1 1 0 0 0 0 1 0 0 1 1 1 0 0 1 1 0 1 0 0 0 1 1 1 1 1 0 1 0 1 0 1 0 1 1 0 1 0 0 1 0 0 0 1 0 0 1 0 1 1 1 0 0 1 0 1 1 1 0 1 1 1 1 0 0 0 1 0
1 1 1 0 1 1 1 0 0 0 0 1 1 0 1 1 0 0 0 0 1 0 1 1 0 0 0 0 0 0 1 0 0 0 0 1 0 1 0 0 0 1 1 1 1 0 0 1 0 0 0 0 0 1 1 0 0 1 1 1 0 1 0 1 1 1 0 1 1 0 0 1 0 1 1 0 1 1 1 1 1 1 0 1 1 0 1 1 1 1 0 0 1 1 0 1 1 0 0 0
1 0 1 0 0 0 1 0 1 0 1 1 0 1 1 1 0 0 1 0 1 0 0 1 1 1 1 0 0 1 0 0 1 0 0 1 0 1 0 1 0 0 0 1 0 1 0 1 1 0 0 0 1 1 0 1 0 1 1 0 1 1 1 1 1 0 0 1 0 1 1 1 1 1 1 0 1 1 0 1 1 1 1 0 0 1 1 0 1 1 1 0 0 1 1 0 1 1 0 0
1 1 0 0 1 1 0 0 0 0 0 0 1 0 0 1 1 0 0 1 0 1 1 0 1 0 1 0 0 1 1 0 1 1 0 0 1 0 1 1 1 1 1 1 1 0 1 1 1 0 0 1 1 1 0 1 1 1 1 1 1 1 1 1 0 0 1 0 1 1 0 1 0 1 0 1 0 1 1 0 0 1 0 1 0 1 0 1 1 1 1 0 0 0 1 0 1 1 0 0
1 0 1 1 1 1 0 0 0 1 0 0 0 1 0 1 0 0 0 1 0 0 0 0 1 0 1 0 1 0 1 1 1 0 0 0 1 1 1 0 1 0 1 1 1 0 0 0 0 0 0 0 0 0 1 1 0 0 0 0 0 0 0 1 1 0 0 1 0 0 1 0 1 1 0 0 0 0 0 1 1 0 1 1 0 1 1 1 1 1 1 1 1 0 0 0 0 1 1 0
1 0 0 0 1 0 0 0 0 1 1 1 0 1 1 0 0 1 0 0 1 0 0 1 0 0 1 0 1 1 1 0 1 0 1 1 1 0 1 1 1 1 1 0 1 1 0 0 1 0 0 0 0 1 0 1 1 1 1 1 1 1 0 1 0 0 0 1 0 1 1 1 1 1 1 0 1 0 0 0 1 1 0 0 1 1 1 0 1 0 1 1 0 1 1 1 1 1 0 1
1 0 0 1 0 1 0 0 0 1 0 1 1 0 0 1 0 0 1 0 1 0 0 1 1 1 0 1 1 1 1 0 1 1 0 0 0 0 0 1 0 1 1 0 1 1 1 0 0 0 1 1 0 0 0 0 0 0 0 0 1 1 0 0 0 1 0 0 1 0 1 0 0 0 0 1 1 1 1 0 1 1 1 0 0 1 1 1 1 1 1 1 0 0 0 0 1 0 1 0
1 1 1 1 1 1 1 1 0 0 1 0 1 1 0 1 0 0 0 0 1 0 1 0 0 0 0 1 0 1 1 0 0 1 1 1 1 1 1 1 0 1 0 1 0 0 1 1 1 0 0 0 0 0 1 1 0 1 1 0 1 0 1 1 0 0 0 1 1 1 0 1 1 0 1 0 0 0 1 1 0 1 0 0 1 1 1 1 1 1 0 0 1 1 0 1 1 1 0 0
1 1 0 0 0 1 1 1 1 0 0 1 1 0 0 0 0 1 1 0 1 0 1 0 1 0 1 0 0 0 1 0 1 1 1 1 0 0 0 1 1 0 0 0 0 1 1 0 1 1 0 0 1 0 0 1 1 0 0 1 0 0 1 0 1 0 0 0 1 0 0 0 1 0 1 1 0 0 1 1 0 1 0 1 1 1 0 1 0 0 1 1 0 1 0 1 1 1 1 0
1 0 0 1 1 1 0 1 0 1 1 0 1 1 1 1 0 0 1 0 1 0 0 1 1 0 1 1 1 0 1 1 0 0 0 0 1 0 1 0 1 0 1 0 0 0 0 1 1 0 1 0 0 0 1 0 0 0 1 0 1 1 1 0 0 1 0 1 1 1 1 0 0 1 1 0 0 1 0 1 1 1 1 0 0 0 1 1 1 0 0 1 0 0 1 0 0 1 1 1
1 1 0 1 1 0 0 1 0 0 0 0 1 0 0 1 1 0 0 1 1 1 1 0 0 1 0 0 0 0 0 0 0 0 0 1 1 0 0 1 0 0 0 0 1 1 1 0 1 0 0 0 0 1 1 0 1 1 0 0 0 1 0 1 1 1 0 0 0 0 1 0 1 1 1 0 1 0 0 0 0 1 0 0 0 1 1 0 0 1 0 1 1 1 1 1 1 1 1 0
1 1 1 1 1 1 1 1 1 1 0 1 1 1 0 0 1 0 0 0 0 1 1 1 1 0 0 0 0 1 1 1 0 0 1 1 1 1 1 1 1 0 0 1 1 0 0 0 1 0 1 1 0 1 1 1 1 1 0 1 0 0 0 1 0 0 1 0 1 0 0 0 0 0 0 0 1 0 1 0 1 0 0 1 1 0 0 0 0 0 1 0 1 0 1 0 0 0 0 0
1 0 0 1 1 1 0 1 1 0 1 1 0 0 0 0 0 1 0 0 1 1 0 0 1 1 1 1 0 0 1 1 0 1 1 0 1 0 1 1 1 0 1 1 1 1 1 0 0 1 1 1 0 1 0 1 1 1 1 0 1 1 1 1 1 0 1 0 0 0 1 0 1 1 0 0 0 0 0 0 0 1 1 1 0 0 0 1 1 0 1 1 0 1 0 0 0 0 0 0
1 0 0 1 1 0 1 0 0 1 0 0 1 1 0 1 0 0 0 1 0 1 1 1 1 1 0 1 0 0 1 0 1 0 0 1 1 1 0 0 1 1 0 0 1 1 0 1 0 0 1 0 0 0 0 1 0 1 0 1 1 1 1 0 1 0 1 1 1 1 1 0 1 1 0 1 0 0 0 0 0 1 0 1 0 0 0 1 0 0 0 1 0 1 0 1 0 1 1 1
1 0 1 0 1 0 0 1 0 1 1 1 1 1 0 1 0 1 1 1 0 0 0 0 0 0 1 1 0 1 1 0 1 0 0 1 1 0 0 1 0 1 0 0 1 1 0 0 1 0 0 1 1 1 1 0 1 1 1 0 0 1 1 1 0 1 1 0 0 1 0 0 0 0 0 1 1 0 0 1 0 1 0 0 0 0 1 1 1 1 1 0 0 1 0 1 1 0 1 0
1 1 0 0 0 1 0 0 0 0 0 1 0 1 0 0 1 0 1 0 1 0 0 0 1 0 0 1 0 0 0 1 1 0 0 1 0 0 1 0 1 1 0 1 0 0 0 1 0 1 0 1 0 1 1 1 0 1 0 0 0 0 0 0 0 0 0 0 0 1 1 1 0 1 0 1 1 0 0 0 1 1 0 0 1 1 1 1 1 1 1 1 1 0 0 0 0 1 0 0
1 0 1 0 1 0 1 0 1 0 1 1 1 0 1 1 0 0 1 1 1 1 1 0 1 1 1 0 1 0 0 0 1 0 0 1 1 1 0 1 1 1 1 0 1 0 0 1 1 0 1 1 0 1 1 1 0 0 1 1 1 1 1 1 0 1 1 1 0 0 1 1 1 0 1 0 1 0 1 1 1 1 1 1 0 0 1 0 0 1 1 0 0 0 0 0 0 0 0 0
1 0 1 0 1 0 0 0 1 0 1 0 0 0 0 0 1 1 1 0 1 0 1 1 0 1 1 1 1 0 1 1 1 0 1 0 0 1 0 1 0 1 0 0 1 0 1 0 0 0 0 0 0 0 1 1 1 0 0 0 1 1 0 0 0 1 1 0 1 1 0 0 1 0 1 0 0 1 0 1 0 1 0 1 0 0 0 1 0 0 1 1 1 0 0 0 0 0 1 0
1 1 1 0 0 0 1 0 1 0 1 0 1 1 0 1 0 1 0 1 1 1 1 0 1 0 0 0 0 0 1 1 0 0 0 1 1 0 0 0 1 1 1 1 1 1 1 1 0 1 1 1 0 1 0 0 0 1 0 1 1 1 1 0 0 0 0 1 1 0 0 1 1 0 0 1 0 0 1 0 0 0 0 1 0 0 1 0 0 1 1 1 1 0 1 0 0 0 0 1
1 0 1 0 0 0 1 1 0 1 0 0 1 0 0 1 1 0 0 1 1 0 0 1 0 0 0 0 0 1 0 1 1 1 0 1 0 0 1 0 0 0 1 0 0 0 0 1 0 0 0 0 1 0 1 0 0 0 1 1 0 0 1 1 0 0 0 0 1 0 0 1 1 0 1 1 1 1 1 1 1 1 1 0 1 1 1 0 1 1 1 1 0 0 0 0 0 1 1 0
1 0 0 0 1 1 0 1 1 1 1 1 1 1 0 0 1 1 0 0 1 0 1 1 0 1 0 0 0 1 0 1 0 1 0 0 1 0 0 0 1 1 0 0 1 1 1 0 1 0 0 1 1 1 1 1 1 1 0 1 0 1 0 1 0 0 0 1 1 0 0 0 1 1 0 1 0 0 1 0 1 0 1 0 0 0 1 1 1 0 0 0 0 1 0 0 1 0 1 1
1 1 0 1 0 1 1 0 1 1 1 1 1 1 1 0 1 0 1 1 0 1 0 1 0 1 1 0 0 0 0 0 0 0 0 1 1 0 0 0 1 0 0 1 1 1 0 0 1 0 1 1 0 1 0 0 0 1 0 1 1 1 1 0 0 1 1 0 0 1 1 0 0 1 0 1 1 1 0 0 1 0 1 1 1 0 1 0 0 0 0 0 1 1 1 1 1 1 1 1
1 0 1 1 0 0 0 1 1 0 1 0 1 1 1 0 1 1 1 1 1 0 1 0 1 0 1 0 1 0 1 0 1 1 1 0 1 0 1 0 1 1 0 1 0 0 1 0 0 0 0 0 0 0 0 1 1 1 0 1 1 0 0 0 0 0 0 1 0 1 1 1 0 0 1 1 1 0 1 0 1 0 1 1 0 0 1 0 1 0 0 0 1 1 1 1 0 1 0 0
1 0 0 1 0 1 1 1 1 1 1 0 1 0 0 1 0 1 0 1 0 0 1 1 0 0 0 0 1 1 0 1 0 0 0 1 1 1 1 1 1 1 0 1 1 0 0 0 0 1 1 0 1 1 1 0 1 0 0 0 1 0 1 1 1 1 0 0 0 0 1 0 0 0 0 1 1 1 1 1 0 0 0 1 0 1 0 0 0 0 0 1 1 1 1 1 0 1 0 0
1 1 0 1 0 1 1 0 0 0 1 1 1 1 0 1 0 0 1 1 0 1 0 0 0 0 1 0 0 0 1 0 1 1 1 1 0 0 0 0 0 0 0 1 1 0 0 0 0 1 0 0 1 0 1 1 1 1 0 0 1 0 1 1 1 0 0 0 1 1 0 1 1 1 0 1 0 0 0 1 0 0 0 0 1 0 0 1 1 1 1 1 0 0 1 0 0 0 0 0
1 1 1 0 1 0 1 1 0 1 1 1 0 0 1 0 1 1 1 1 1 1 0 1 1 0 0 0 0 0 1 1 0 0 0 0 1 0 1 0 1 1 0 1 0 1 0 0 1 0 1 1 1 0 1 0 0 1 1 1 0 0 0 0 0 1 1 0 0 1 1 1 1 0 0 1 1 1 1 0 1 1 0 1 1 1 0 1 0 0 1 1 1 1 0 0 1 1 1 1
1 1 1 1 0 1 0 1 0 0 0 0 0 1 0 0 0 1 1 1 0 1 1 0 0 1 0 1 0 0 1 0 1 0 0 0 1 0 1 0 0 0 0 1 1 0 1 0 0 0 1 1 0 1 1 1 0 1 0 1 0 0 1 0 0 0 1 1 1 1 0 0 0 0 0 0 0 1 0 1 0 0 1 0 0 0 1 1 0 0 0 0 0 1 1 0 0 0 0 0
1 0 0 1 0 1 1 0 0 1 0 0 0 0 0 0 0 0 1 1 0 0 0 0 0 0 1 0 0 1 1 0 0 0 0 0 0 1 1 1 1 1 1 1 1 0 0 0 1 1 1 1 1 0 0 1 1 1 0 1 1 0 0 1 0 1 0 1 1 0 1 0 0 1 0 0 0 0 1 0 0 1 1 0 1 1 0 0 1 1 1 1 1 1 0 1 0 0 0 0
1 1 1 1 1 1 1 0 1 0 1 0 0 1 1 0 0 1 0 1 1 0 0 1 1 0 0 1 1 0 0 1 1 1 1 0 0 0 0 1 0 1 0 0 1 1 0 1 1 1 1 0 0 1 1 0 0 1 1 1 1 0 1 0 1 0 1 0 1 0 1 0 1 0 1 1 1 1 0 1 1 1 0 1 0 1 0 0 1 1 0 0 1 0 0 0 0 1 0 0
1 0 1 0 1 1 1 1 1 1 0 1 0 0 0 1 0 1 0 1 1 1 0 0 0 0 0 0 0 0 1 0 1 0 0 1 0 1 1 1 0 0 0 0 1 1 1 0 1 0 0 0 1 1 1 0 1 0 1 0 1 0 0 1 1 1 0 1 1 0 0 0 1 0 0 0 0 0 1 0 0 0 1 0 0 0 0 0 0 0 1 1 1 0 0 1 0 1 1 0
1 0 0 1 1 0 1 0 1 1 1 1 1 0 1 1 1 1 1 1 0 0 0 1 1 1 0 0 0 0 0 0 0 1 1 1 1 0 0 0 0 1 1 1 1 0 1 1 1 0 0 0 0 1 0 1 0 1 1 0 0 0 0 0 1 1 1 1 1 1 0 1 1 1 0 0 0 1 1 1 0 1 1 0 0 0 1 0 1 1 1 0 0 0 0 0 0 0 1 0
1 0 0 1 1 0 0 1 1 0 0 1 0 1 1 0 1 1 0 1 0 1 1 0 0 0 0 1 0 1 1 1 0 1 0 0 1 0 0 1 1 0 1 0 0 0 0 0 1 0 1 1 0 0 0 1 0 0 1 1 1 1 0 0 0 0 1 0 1 1 0 0 0 0 1 1 0 0 0 1 0 0 0 1 1 1 1 1 1 1 1 1 0 0 1 0 0 1 1 0
1 0 1 1 1 0 0 0 0 0 1 0 1 0 1 1 0 0 1 0 0 1 0 0 0 1 1 0 1 1 0 0 0 1 0 1 1 0 0 0 1 1 0 0 0 1 0 1 1 0 0 0 1 0 0 0 0 0 0 1 0 1 1 1 1 0 1 0 1 1 0 1 1 0 0 0 1 0 1 1 1 0 0 1 1 1 0 1 0 0 1 0 0 0 1 0 1 0 0 1
1 0 1 1 1 0 1 0 1 0 1 1 0 0 0 1 0 1 0 0 0 1 0 1 0 0 1 1 0 1 0 1 1 1 0 1 0 0 0 0 0 0 1 1 0 1 0 1 0 0 1 0 1 0 1 1 0 1 1 0 0 1 0 0 0 0 0 0 1 1 1 0 0 0 0 1 1 0 1 0 1 1 0 1 1 0 0 0 1 1 1 1 0 0 1 1 0 1 0 1
1 1 0 0 1 1 0 0 1 1 0 1 1 1 0 1 1 1 1 0 1 1 1 1 0 0 0 0 0 0 1 0 1 1 1 1 1 0 1 0 0 0 0 1 0 0 1 0 1 1 0 1 0 0 1 1 1 0 0 0 1 0 0 0 1 1 0 1 0 0 1 1 1 1 1 0 0 0 0 1 0 0 0 0 0 1 0 0 0 1 1 1 1 1 1 1 0 1 0 1
1 1 0 1 1 1 1 1 1 1 1 0 1 1 0 1 0 1 0 0 1 0 1 0 1 0 1 1 1 0 0 0 1 1 1 1 1 0 1 1 1 0 0 1 1 1 1 1 1 0 0 0 1 0 0 1 1 1 0 1 0 1 1 0 1 0 0 0 0 1 0 0 1 0 1 1 0 1 0 0 0 0 1 1 1 1 0 1 1 0 0 0 1 0 1 0 0 0 0 0
1 0 0 1 1 1 1 0 0 1 1 0 0 0 0 0 0 0 0 1 0 0 0 1 1 0 0 0 1 0 0 0 0 0 1 0 0 1 0 0 0 1 0 0 0 1 1 0 0 0 0 0 0 1 0 1 0 0 0 1 0 0 0 0 1 1 0 1 1 0 1 0 0 1 1 1 1 1 1 0 0 0 1 1 0 1 0 0 1 1 1 0 0 0 0 0 0 0 0 0
1 1 1 0 0 1 0 0 0 1 1 1 1 1 1 0 0 1 1 1 1 0 1 0 0 0 1 0 1 0 0 0 0 1 0 0 1 0 0 0 0 0 1 1 0 0 1 0 0 0 1 0 0 1 0 1 1 1 0 0 0 0 1 0 0 0 0 1 0 0 0 1 0 0 1 1 0 0 1 0 0 0 1 0 1 0 0 1 1 0 1 0 1 0 1 1 0 1 0 0
1 1 0 0 1 0 1 0 1 0 0 1 1 0 1 0 0 1 0 0 0 0 1 1 1 0 0 0 1 1 0 0 1 1 1 1 0 0 1 1 1 1 1 0 1 0 0 1 0 1 1 0 1 0 1 1 1 1 1 0 0 1 0 1 0 1 1 1 1 1 0 1 1 1 0 1 0 1 1 1 1 0 0 1 0 0 1 0 1 1 0 1 1 1 1 0 0 1 1 0
1 1 0 0 0 0 1 0 1 1 0 1 0 0 0 1 0 1 0 1 1 1 0 0 1 1 0 0 0 0 0 0 0 1 1 1 1 1 1 1 0 0 1 0 0 1 0 0 1 1 0 1 0 0 1 0 1 0 1 0 1 1 0 0 0 0 0 0 0 0 0 0 0 0 0 0 0 0 0 0 1 1 1 0 1 0 1 0 1 0 0 1 0 1 0 1 1 0 0 0
1 1 1 1 0 1 0 0 0 0 0 1 1 0 1 1 1 1 1 1 1 1 0 0 0 1 0 0 1 1 1 0 0 0 0 1 1 1 0 0 1 1 1 0 1 0 0 0 1 1 0 1 0 0 1 1 0 0 1 0 0 0 0 1 0 0 1 0 1 1 1 1 0 1 1 0 1 1 1 1 0 1 0 1 0 0 0 1 1 1 1 0 0 1 1 1 1 0 1 0
1 0 1 1 1 0 0 0 1 1 0 1 0 0 0 1 1 0 0 0 0 1 0 0 0 0 1 1 1 1 0 1 1 1 1 1 1 0 1 0 0 0 1 1 0 0 1 1 0 0 1 0 1 0 0 1 0 0 0 1 0 1 0 1 1 1 1 1 1 1 0 0 1 0 1 1 1 0 1 1 1 1 1 1 0 1 0 0 1 0 0 0 0 0 1 1 1 0 1 1
1 0 1 0 1 0 1 1 1 0 1 0 0 0 0 1 1 0 0 1 1 1 0 1 0 1 1 0 0 0 0 0 0 0 0 0 1 1 0 0 1 0 1 1 1 1 1 0 0 0 0 1 0 1 1 1 0 0 1 0 1 1 1 1 0 0 0 1 0 1 0 1 0 1 0 1 1 1 1 0 1 0 0 0 0 0 1 0 1 1 0 0 1 0 0 1 0 0 1 0
1 1 0 1 0 1 1 1 1 0 1 0 0 1 1 1 0 0 0 0 1 1 0 0 1 1 0 1 1 1 1 1 1 1 1 1 0 1 1 1 1 1 0 1 1 1 0 0 1 0 0 1 0 0 1 1 0 1 0 1 0 1 0 1 0 0 0 0 0 0 1 0 1 0 0 0 0 0 1 0 0 1 1 1 0 1 1 0 1 0 1 0 1 0 1 1 0 0 0 1
1 1 1 0 0 1 1 1 0 0 1 0 0 1 1 0 1 1 1 1 0 0 0 1 0 0 1 0 0 0 1 1 1 1 1 1 0 1 1 0 1 0 1 0 1 1 0 1 1 0 1 0 0 0 0 0 1 1 0 0 0 1 1 0 0 1 1 0 1 1 0 0 1 1 1 0 0 1 0 0 1 0 0 1 1 0 0 1 0 1 0 1 0 0 0 0 1 1 1 1
1 0 1 0 1 0 1 1 1 1 0 1 0 0 0 1 0 0 1 1 1 0 0 1 1 0 1 0 0 0 0 0 1 0 0 1 1 1 1 1 1 1 0 0 0 1 0 1 0 0 0 1 0 1 1 0 0 0 0 1 1 0 1 0 0 0 0 1 0 0 0 1 0 1 0 1 1 1 1 0 1 1 0 1 1 0 1 1 1 1 0 0 1 0 0 0 1 0 0 0
1 1 1 1 1 0 0 0 0 0 0 1 0 0 0 1 0 1 0 0 1 0 0 0 1 1 1 0 0 0 0 1 0 0 0 0 1 1 0 1 0 0 0 0 1 1 1 1 0 0 1 0 0 0 1 0 1 1 1 0 0 0 0 1 0 1 1 0 1 0 1 1 1 1 0 1 1 1 0 1 1 0 1 1 1 0 1 1 1 0 1 1 0 1 0 0 0 1 1 0
1 0 1 1 1 1 0 1 0 0 0 1 0 0 1 1 1 1 0 0 1 0 0 0 0 1 0 1 1 1 1 0 0 1 1 0 1 0 0 1 0 1 1 0 0 0 1 0 0 1 1 0 1 1 0 1 1 0 1 1 0 1 0 1 0 1 0 1 1 0 0 1 0 0 1 0 0 0 0 1 1 1 1 1 0 1 0 0 0 0 0 0 1 1 0 0 1 1 1 0
1 1 1 1 0 0 0 1 1 1 1 1 1 1 0 1 0 1 1 1 0 1 1 1 1 0 0 0 0 1 1 1 0 1 1 0 0 0 1 0 1 1 0 0 1 1 0 0 1 1 0 1 0 1 0 0 0 1 0 1 0 1 0 0 0 0 0 0 0 0 1 1 1 1 0 0 0 0 0 1 0 1 0 0 1 0 1 1 1 1 0 0 0 0 0 1 0 1 0 1
1 0 0 0 0 1 1 0 1 1 0 0 1 1 0 0 1 1 1 1 0 0 0 0 1 0 1 1 0 0 1 0 1 1 1 0 0 0 0 0 1 1 0 0 1 1 0 0 0 1 1 1 1 1 1 0 0 1 0 1 0 0 0 1 1 1 0 1 0 1 1 0 0 1 1 0 0 0 0 1 0 0 1 0 1 0 1 0 0 1 0 0 1 1 1 0 1 1 1 1
1 0 0 1 0 1 0 1 1 0 1 0 0 1 0 0 1 0 1 0 0 0 0 1 0 0 1 1 1 0 1 1 1 1 0 0 1 0 1 0 1 1 1 0 0 0 1 0 0 1 1 1 0 1 1 1 0 0 0 0 0 0 0 0 1 1 0 1 1 1 1 1 1 1 1 0 0 1 0 1 0 0 1 0 0 0 1 1 1 1 0 0 0 1 1 0 1 1 1 1
1 1 1 1 1 0 1 0 1 0 1 1 0 0 1 1 1 0 0 1 1 1 1 1 0 0 0 0 0 0 0 1 1 1 1 0 1 0 0 1 0 1 1 0 0 1 0 0 1 0 0 0 0 1 0 0 1 0 0 0 0 0 0 0 0 0 1 1 1 0 1 1 0 1 0 1 1 1 1 1 0 1 1 0 0 0 0 0 1 0 1 0 0 1 1 0 0 0 0 0
1 1 0 0 1 1 0 1 1 1 0 0 1 1 0 0 1 0 1 1 1 0 0 1 0 1 0 0 0 0 0 1 0 1 0 1 0 0 1 0 1 1 1 0 0 0 1 0 0 1 1 0 0 0 1 1 0 1 1 0 1 0 0 1 0 0 1 0 1 0 1 1 0 1 0 1 0 1 0 0 1 1 1 0 1 0 1 1 0 1 1 0 0 1 0 1 1 1 0 1
1 1 1 1 0 0 1 0 1 1 1 0 0 1 1 0 0 1 1 1 0 0 0 1 0 0 0 1 0 0 0 1 1 0 0 0 0 1 1 1 0 0 1 0 0 0 1 0 0 0 1 0 0 0 1 1 0 1 0 1 0 0 0 1 1 1 0 0 0 0 0 1 0 0 0 0 1 1 1 1 0 0 1 1 1 0 0 0 0 1 0 1 1 1 1 0 0 0 0 0
1 1 1 0 1 1 0 0 1 0 1 1 1 0 1 0 0 0 0 1 0 0 0 0 1 0 1 0 0 1 1 1 1 0 0 0 1 1 1 1 0 1 0 0 1 1 1 0 0 1 1 1 1 0 1 0 1 1 0 1 1 0 1 1 0 1 1 0 0 0 0 0 0 1 1 0 0 1 1 1 0 0 1 0 1 1 0 1 1 1 0 1 1 0 1 0 1 0 0 0
1 1 0 0 1 0 0 0 1 1 0 0 0 1 1 1 0 1 1 1 0 0 0 0 1 0 0 1 1 0 1 1 1 0 0 1 1 1 0 1 1 1 0 1 1 1 1 1 0 1 1 1 0 0 0 0 1 0 0 1 0 1 0 0 1 0 0 1 1 1 0 0 1 0 1 1 1 1 1 1 0 1 0 0 1 1 0 0 1 1 1 1 0 0 0 1 1 1 0 1
1 1 1 1 0 1 1 0 0 1 1 0 1 1 1 0 0 1 0 1 1 1 0 0 0 1 1 1 0 1 0 0 1 0 0 0 0 1 0 1 1 1 0 0 0 1 1 0 1 0 1 1 0 0 1 1 0 1 0 1 1 0 0 0 1 0 0 0 1 1 1 1 0 0 0 0 1 1 0 1 1 1 1 1 0 0 1 0 0 1 1 1 1 1 0 0 0 0 0 0
1 1 0 0 1 0 0 1 0 0 1 1 1 1 0 1 0 0 1 0 0 1 1 0 1 1 1 1 1 0 1 1 0 1 0 1 1 1 1 0 0 0 0 0 1 0 1 0 1 0 0 0 1 0 0 0 0 0 1 1 1 1 1 1 0 0 0 1 1 1 1 1 0 1 1 1 1 1 0 1 1 1 0 0 1 1 0 1 0 0 0 1 1 1 1 1 1 0 0 1
1 0 1 1 1 0 1 1 1 1 1 0 0 0 0 0 0 1 0 0 1 0 1 0 1 1 1 0 1 0 1 1 0 1 0 1 1 1 0 0 1 1 1 1 1 0 0 1 0 1 1 1 1 0 0 0 1 1 0 0 1 1 1 0 0 0 0 1 0 1 0 0 1 0 0 1 1 1 0 0 1 1 0 0 0 0 1 0 1 0 1 1 1 1 0 0 1 0 0 0
1 1 1 0 1 1 1 0 1 0 1 1 0 0 0 0 1 0 1 0 0 0 1 1 1 1 0 0 1 1 1 1 1 1 0 0 0 0 1 0 1 1 1 0 1 0 1 1 1 1 1 1 0 0 0 1 0 1 1 1 0 0 0 0 1 1 0 1 0 1 0 1 1 1 1 1 0 0 1 1 1 1 1 0 1 1 1 1 1 1 0 0 1 1 1 0 1 0 1 1
1 0 0 0 1 1 1 0 0 1 1 1 0 0 0 1 1 0 1 0 1 1 1 1 1 0 1 0 0 0 0 0 0 0 0 1 1 1 1 0 1 1 0 0 0 1 0 1 1 1 0 0 1 0 0 1 0 1 0 0 1 1 1 1 0 1 0 0 0 1 1 0 0 0 0 1 0 0 1 0 1 1 1 0 1 1 0 0 0 0 1 1 1 0 1 1 1 1 0 0
1 0 0 0 0 0 1 0 1 0 0 0 0 0 1 0 1 0 0 0 0 1 1 1 1 0 1 1 0 0 0 0 0 0 1 1 0 1 0 0 0 0 0 0 0 0 0 0 1 1 1 0 0 0 1 0 0 1 0 1 1 1 1 1 1 1 1 0 0 0 0 0 1 1 1 0 0 1 1 0 0 0 1 1 0 1 0 1 1 1 1 1 1 1 0 0 1 0 0 0
1 1 0 0 0 0 0 1 1 0 1 0 1 0 1 1 0 0 1 0 0 1 0 0 0 0 1 0 0 0 0 1 1 0 1 0 0 0 0 0 0 0 1 1 0 0 1 1 1 0 0 0 1 1 1 0 0 1 1 1 1 1 0 1 0 1 1 1 1 0 0 1 0 1 0 0 1 1 0 1 0 0 1 1 1 1 1 0 0 0 1 1 1 1 1 0 1 0 1 0
1 0 0 1 1 1 1 0 1 0 0 0 1 1 0 0 1 0 1 1 1 1 0 0 0 0 0 0 1 0 0 0 0 0 0 0 0 0 1 1 1 1 1 0 0 1 1 1 1 0 1 0 1 0 1 1 1 1 1 1 1 1 0 0 0 0 0 1 0 0 0 0 1 0 1 0 1 0 0 0 1 1 0 1 0 0 1 0 0 1 1 0 0 1 1 1 0 0 0 0
1 0 1 0 1 0 0 0 0 1 0 0 1 0 1 0 1 0 0 0 1 0 0 0 1 1 1 1 1 1 0 1 1 0 1 1 0 0 0 0 1 0 0 0 1 1 0 1 0 1 1 1 0 1 0 1 1 0 1 1 0 1 1 1 0 0 1 0 0 0 0 0 1 0 1 0 0 0 1 0 1 1 0 1 1 1 0 1 1 1 0 0 0 1 0 1 0 0 0 0
1 1 0 0 1 0 0 1 1 1 0 0 0 0 0 0 1 0 0 1 1 0 1 1 0 1 1 1 1 1 1 1 0 1 1 0 1 1 0 0 1 1 1 1 1 0 0 0 0 1 1 0 1 0 1 0 1 0 1 1 0 0 1 0 1 0 1 0 0 0 0 0 0 1 1 1 0 1 0 0 0 1 1 1 0 1 1 0 0 1 1 1 1 0 1 1 0 1 0 0
1 0 1 0 1 0 1 0 1 0 1 1 1 0 1 0 1 0 1 1 1 1 1 0 0 0 0 1 1 1 1 0 1 1 0 0 1 0 1 1 0 1 1 0 0 1 1 0 1 1 1 1 1 0 0 1 1 0 0 0 1 0 0 1 1 1 0 0 1 0 0 1 0 0 1 1 0 1 1 1 1 1 0 1 1 0 0 1 0 1 0 0 1 1 0 0 0 0 0 0
1 1 0 0 1 0 1 1 0 1 0 1 0 0 0 1 1 0 1 1 0 1 0 1 1 0 0 1 0 1 1 1 1 0 0 0 0 0 1 0 0 1 1 0 0 1 0 1 0 1 1 0 0 1 0 0 1 1 0 1 1 1 0 1 1 0 0 0 0 0 1 1 0 1 0 0 1 0 0 1 0 0 0 0 1 1 0 0 1 1 1 0 0 0 1 0 1 1 0 1
1 1 0 0 1 1 0 0 0 0 1 0 1 0 0 0 1 1 1 0 1 1 0 0 0 0 1 0 0 1 1 1 1 0 0 0 1 1 1 0 1 1 1 0 0 0 0 0 1 0 0 0 1 0 1 0 0 1 0 1 1 1 0 0 1 0 1 1 1 1 1 0 0 1 1 0 1 1 0 0 0 0 0 1 0 1 1 0 1 1 0 0 1 1 0 0 0 0 0 0
1 0 1 1 0 1 1 1 0 0 1 0 0 1 1 0 1 0 0 1 1 1 0 1 0 1 1 1 0 1 0 1 0 0 1 1 1 1 0 1 1 1 0 0 1 1 0 0 0 1 1 1 1 1 0 1 0 0 0 0 0 1 0 1 0 1 0 1 1 0 1 1 1 1 1 1 0 1 0 1 1 0 1 0 0 0 0 0 1 1 0 1 0 1 0 1 1 1 0 0
1 0 0 1 0 0 0 1 0 0 1 1 1 1 1 1 0 1 0 0 1 1 0 1 1 1 1 1 0 1 1 0 1 1 1 0 1 1 0 1 0 0 1 1 1 1 1 0 1 0 1 0 0 0 0 1 1 1 1 0 1 0 0 0 0 0 0 0 0 0 1 0 0 1 1 0 0 0 0 1 1 0 1 1 1 1 0 0 0 0 1 1 0 0 1 1 0 1 0 0
1 1 1 1 0 0 1 0 0 1 1 0 0 0 1 1 1 1 0 1 1 0 1 0 1 1 0 0 1 1 1 1 1 0 1 1 1 0 0 1 1 0 0 0 1 0 1 0 1 0 0 0 1 1 0 1 1 0 1 0 0 1 0 0 1 0 1 1 1 0 1 1 0 0 1 1 1 0 0 1 1 1 1 1 0 0 0 1 0 1 1 1 1 0 1 1 1 1 1 0
1 0 0 0 0 1 1 0 1 0 0 1 1 1 1 0 1 1 0 1 0 0 0 0 0 1 0 1 1 1 1 0 1 0 0 1 1 1 0 1 1 0 0 0 0 0 1 1 0 0 1 1 1 1 1 1 1 0 1 1 1 1 0 1 1 1 1 1 1 0 1 1 1 1 0 0 1 1 0 0 0 1 1 1 0 1 1 0 1 0 1 1 1 1 1 1 0 0 1 0
1 1 1 0 0 1 0 0 1 0 1 0 0 1 0 1 1 1 1 0 0 1 0 1 1 0 1 1 1 1 0 1 0 1 0 0 1 1 1 1 0 1 1 1 1 1 1 1 1 1 1 1 1 0 0 0 1 0 1 1 0 1 1 1 0 0 0 0 1 1 0 1 0 1 0 0 1 0 1 1 0 0 1 0 1 1 0 0 1 0 0 1 0 1 0 1 0 0 1 1
1 0 0 0 0 0 1 1 0 1 0 1 1 0 1 1 0 0 0 1 0 1 1 0 0 1 1 1 0 0 1 0 0 1 0 1 0 1 0 1 0 1 0 1 0 1 1 1 1 1 1 1 1 1 1 1 0 0 0 0 1 1 0 1 1 0 0 1 1 0 1 0 0 0 1 1 0 1 1 1 0 0 1 1 1 1 0 1 0 0 1 0 1 1 1 1 1 1 0 1
1 1 0 0 0 0 0 1 0 1 1 0 1 1 1 0 1 0 1 0 1 1 0 1 0 1 1 0 0 0 0 1 1 0 0 1 0 0 0 0 1 0 1 1 0 1 1 0 0 0 0 1 1 0 1 1 0 1 0 1 0 1 0 0 0 0 0 0 1 1 0 1 1 1 1 0 0 0 0 0 0 0 0 1 0 1 1 1 1 0 0 1 0 0 1 0 1 0 1 0
1 1 0 1 1 1 0 1 0 1 0 1 1 0 0 0 1 0 1 0 1 0 0 0 1 0 1 1 1 0 1 1 1 0 1 1 0 0 1 1 0 0 0 0 1 1 0 1 1 0 0 0 0 0 1 0 0 0 0 1 1 0 0 1 0 0 0 0 1 1 0 1 0 0 0 0 1 0 0 1 1 1 0 0 1 0 1 0 1 0 0 0 1 1 1 1 0 0 1 0
1 0 1 0 1 1 1 1 0 1 1 0 0 1 0 1 1 0 1 1 1 0 1 0 0 1 1 1 1 1 1 0 0 1 1 0 1 1 1 1 0 1 0 0 0 0 0 1 0 1 1 1 0 1 0 1 0 0 0 1 1 0 1 1 1 0 0 1 1 1 1 0 1 1 0 1 0 1 1 0 1 0 1 0 0 1 1 0 0 1 0 1 1 1 0 1 1 0 0 1
1 1 1 1 0 0 0 0 0 0 0 0 0 0 0 0 0 1 1 1 1 1 1 0 0 1 1 0 1 1 0 0 0 1 1 0 0 1 0 1 0 1 1 0 1 1 0 1 1 1 0 1 1 1 1 0 1 0 1 1 0 1 0 0 1 0 0 1 1 0 0 0 1 1 1 0 1 0 1 0 1 0 1 1 1 0 0 1 1 1 1 0 1 0 1 1 0 0 0 0
1 1 0 1 1 1 1 0 1 0 0 0 1 1 0 1 1 0 0 0 0 0 1 0 0 1 0 1 0 0 0 0 0 0 0 0 0 1 1 1 1 0 0 1 1 0 0 1 0 0 0 0 0 1 1 0 0 1 1 0 1 0 1 1 0 1 1 0 1 1 0 0 1 1 0 1 0 1 0 1 0 0 1 1 1 1 0 1 1 0 0 1 1 1 1 0 1 0 1 0
1 0 1 1 1 1 0 0 0 0 1 0 0 1 1 1 0 1 0 0 0 1 1 1 1 1 0 0 0 1 0 0 1 1 1 0 1 1 1 1 0 1 1 0 0 1 0 0 1 0 1 1 0 0 1 0 0 0 0 0 1 0 0 0 0 1 0 1 1 0 0 0 0 1 0 0 1 1 0 1 1 0 0 1 1 1 1 0 1 1 1 0 0 1 0 1 1 1 0 0
1 1 1 0 1 0 1 0 1 1 1 0 1 1 0 0 0 0 1 1 0 0 1 0 1 1 0 1 1 1 1 0 0 0 0 1 0 1 1 0 1 0 0 0 1 1 0 0 1 1 1 0 0 0 0 0 0 1 0 1 0 0 0 1 1 0 0 1 0 1 0 0 1 0 1 1 1 0 1 1 1 0 1 1 1 1 1 0 0 1 1 1 1 0 1 0 0 0 0 0
1 1 0 1 0 1 0 0 1 0 1 0 0 0 0 1 0 0 0 1 0 1 1 0 1 1 1 1 1 0 0 0 1 0 0 0 1 0 0 1 1 1 1 1 0 1 1 1 0 0 1 0 1 1 1 0 0 1 0 0 0 1 0 0 0 0 1 1 0 1 1 1 1 0 1 0 0 1 1 1 0 1 1 0 1 1 0 1 0 0 0 1 1 0 1 1 0 1 0 0
1 0 0 0 0 1 0 0 0 0 0 1 1 0 1 0 0 1 0 1 1 1 1 1 1 0 1 0 0 0 0 1 1 0 1 1 1 1 1 0 1 1 1 1 0 1 0 1 1 0 1 1 1 1 1 0 1 1 0 0 0 1 0 1 1 0 0 0 0 1 0 0 1 0 1 1 0 1 0 0 1 0 1 0 0 1 1 1 1 1 0 0 0 0 1 0 0 1 0 0
1 0 1 1 1 0 0 1 1 1 1 0 1 0 0 1 0 0 0 1 1 0 1 1 0 0 0 0 0 0 0 1 0 1 1 0 0 0 0 1 1 1 1 1 0 1 1 1 0 1 0 0 1 0 1 0 1 0 1 1 1 0 1 1 0 1 1 0 1 1 1 1 1 1 1 0 0 0 1 1 0 0 0 0 0 0 1 1 1 0 0 0 1 1 0 0 0 1 1 1
1 0 0 1 0 0 0 0 1 1 0 0 1 1 1 1 0 1 1 1 1 1 1 0 1 0 1 0 0 1 1 0 1 1 1 1 0 0 1 1 0 1 0 1 0 1 0 1 0 1 1 1 0 1 0 1 0 1 1 1 0 1 1 0 0 1 1 1 0 0 1 1 1 1 1 1 0 1 0 0 0 0 0 1 0 0 0 0 0 0 1 0 0 1 1 1 1 1 0 0
1 0 0 0 1 0 1 1 1 1 0 0 0 1 0 1 1 1 1 0 1 0 1 0 0 1 0 1 0 0 0 1 1 1 1 0 0 0 1 0 1 1 0 0 1 0 0 0 0 1 1 0 1 0 1 0 1 1 0 1 1 1 0 0 1 0 1 1 1 1 0 1 1 1 1 1 0 1 0 1 0 0 0 0 1 1 1 0 0 1 1 0 1 0 1 0 1 0 1 0
1 1 1 0 0 0 1 0 0 0 1 1 1 1 1 0 1 0 1 1 1 1 0 0 0 1 0 0 0 0 1 0 0 0 0 1 1 0 0 1 0 1 1 0 0 1 1 0 1 0 0 0 0 0 1 0 0 0 1 1 1 1 1 0 0 0 0 0 0 1 0 0 1 0 0 1 0 0 0 0 0 1 1 0 1 0 1 0 1 1 0 0 0 0 0 0 1 1 1 0
1 0 0 1 0 0 0 1 1 0 0 0 1 1 0 0 0 1 1 1 0 0 0 0 0 0 1 0 1 0 0 1 1 1 0 1 1 1 0 0 1 1 0 1 0 0 1 1 1 0 0 0 1 1 0 1 0 1 1 0 1 1 1 1 0 1 1 1 1 0 1 1 1 0 0 1 1 0 1 1 0 0 0 1 1 1 0 0 1 1 0 1 0 1 0 0 0 0 0 0
1 0 0 1 1 0 0 1 0 0 0 1 1 0 1 0 0 0 0 0 0 0 1 1 0 0 1 1 1 1 1 1 1 1 1 0 0 1 1 0 1 0 0 1 0 1 1 1 1 1 0 1 0 1 0 1 0 0 1 0 0 0 0 0 1 1 0 1 1 1 1 1 1 0 0 1 0 1 1 0 1 0 0 1 0 1 0 1 1 1 0 1 0 0 0 1 0 1 0 0
1 0 1 0 1 0 0 1 0 1 1 1 0 1 1 0 1 0 1 0 1 1 0 0 0 1 1 1 1 0 1 0 1 0 1 0 1 0 0 0 0 0 1 0 1 0 0 1 0 1 0 0 1 1 0 0 1 1 0 1 1 1 1 0 1 1 0 1 0 1 0 1 0 0 0 1 1 1 0 0 0 1 1 0 1 1 1 1 0 0 0 1 0 1 0 1 1 0 0 0
1 0 1 0 1 0 1 0 1 1 1 1 1 0 1 0 0 1 1 0 0 0 1 0 1 0 0 0 1 0 1 0 1 1 1 1 0 1 1 1 1 1 1 0 0 0 1 1 0 1 1 0 1 1 0 1 1 0 0 1 0 1 0 0 1 0 1 1 0 1 0 0 1 0 1 1 1 0 1 1 1 1 0 1 1 0 0 1 1 1 1 0 0 1 1 0 1 1 0 0
1 0 1 0 0 1 0 1 0 0 0 0 1 0 1 0 1 0 0 1 1 0 0 1 1 0 0 1 0 0 0 0 0 1 1 0 0 0 0 1 1 0 0 0 0 0 1 0 1 1 0 1 1 0 0 1 1 1 1 1 1 1 0 1 0 0 0 1 0 0 1 1 1 1 1 0 1 0 1 0 1 1 0 0 1 0 1 1 1 1 1 1 1 0 0 0 1 1 0 0
