100
13 49 58 13 49 19 69 31 40 91 33
0 1 1 0 0 1 0 0 1 0 1 1 0 1 0 1 0 1 0 1 1 0 1 0 1 0 0 0 1 0 0 1 0 1 0 0 0 0 1 0 1 1 0 1 1 1 0 0 0 1 0 1 0 1 0 0 1 1 0 0 1 0 1 1 1 1 0 1 0 1 0 0 1 1 0 0 0 1 0 0 0 0 0 1 1 1 1 0 1 1 0 0 0 0 0 1 1 0 0 0
0 0 1 1 0 0 0 0 1 0 0 1 0 1 1 1 1 1 0 1 1 0 1 1 0 0 0 1 0 1 1 0 1 1 1 1 0 1 1 1 0 0 0 1 0 1 1 1 0 1 1 0 0 0 1 0 1 1 0 0 0 0 1 1 0 1 1 0 0 1 1 1 0 0 0 0 0 1 0 1 1 1 1 0 0 0 0 0 0 1 0 1 0 0 1 0 0 0 1 0
0 0 0 0 0 0 1 1 1 0 0 0 0 1 1 1 0 0 0 0 0 1 0 1 1 1 1 0 1 0 0 1 1 0 1 1 0 0 1 0 0 1 0 1 0 1 1 1 1 1 1 0 1 0 0 1 0 1 0 1 1 1 1 1 0 0 1 0 1 1 1 1 0 1 1 0 1 1 1 0 0 0 0 0 1 0 1 1 0 0 1 0 0 1 0 0 1 0 1 0
0 0 1 0 1 0 0 0 1 1 0 0 0 0 1 0 0 0 1 0 0 0 0 1 0 1 1 1 0 0 0 0 1 1 1 0 1 0 0 0 0 0 1 1 1 0 1 1 1 0 1 1 0 0 0 0 1 0 0 1 1 0 1 0 0 0 1 1 0 0 1 1 0 1 1 1 1 1 0 1 1 1 0 1 0 1 0 1 0 1 0 1 1 1 1 0 0 1 0 1
0 1 0 0 0 0 0 1 1 0 0 0 0 1 0 1 0 0 1 0 1 1 0 0 0 1 1 0 0 1 1 0 1 1 0 1 1 1 0 0 0 1 1 1 1 0 0 1 1 1 1 0 0 0 1 1 1 1 0 1 0 0 1 1 0 1 1 0 1 1 0 1 0 1 1 1 1 0 1 1 0 0 0 0 0 0 0 1 0 0 0 0 1 0 0 0 1 0 0 1
0 1 0 0 0 0 0 1 0 1 0 1 0 0 0 1 1 1 1 0 1 0 0 1 1 0 1 0 0 0 1 0 0 1 1 1 0 0 0 1 1 0 0 0 0 0 0 0 1 1 0 1 0 0 0 1 0 1 0 1 0 1 1 0 0 0 1 1 0 0 0 0 1 0 1 0 0 0 0 0 0 0 0 1 1 0 1 1 0 1 1 0 1 1 0 0 0 1 1 0
1 1 1 0 1 1 0 1 0 1 1 0 1 0 1 0 1 0 1 1 1 1 1 1 1 1 0 0 0 0 1 1 0 1 1 0 0 0 0 0 0 1 1 1 1 0 0 1 1 0 0 1 1 1 1 1 1 0 1 0 1 1 1 0 1 1 1 1 0 0 0 0 0 1 0 1 1 0 0 0 0 0 1 1 0 0 1 1 0 1 1 0 1 1 0 0 1 0 1 1
1 0 0 0 1 1 0 0 1 1 1 1 0 0 0 0 0 0 1 1 0 1 0 1 1 1 1 0 0 0 1 1 0 1 1 1 0 1 1 0 0 1 1 0 0 1 1 1 0 0 0 1 0 0 1 0 1 1 0 0 0 1 0 0 1 1 0 1 1 0 0 0 0 1 0 1 1 0 1 0 1 0 1 1 1 0 1 1 0 0 0 1 1 1 1 1 0 1 1 0
1 1 0 0 0 1 0 0 0 1 1 0 0 1 1 1 1 1 1 0 1 0 1 0 0 0 0 0 1 0 1 1 1 0 0 0 1 0 0 1 1 1 1 0 1 0 1 0 1 0 0 1 1 0 1 1 1 0 0 0 1 1 1 0 0 1 0 0 1 0 1 1 1 0 0 0 1 1 1 1 1 1 1 0 1 0 1 0 0 0 0 0 1 1 1 0 0 0 0 0
1 0 0 1 1 0 1 0 0 0 0 1 0 0 0 0 0 1 1 1 1 1 1 1 0 0 1 0 0 1 0 0 0 1 1 0 1 1 0 0 0 1 0 0 1 1 0 1 0 0 0 1 1 1 1 0 1 0 0 1 0 0 0 0 1 1 1 0 1 0 0 1 0 0 1 1 1 0 1 0 1 1 1 1 1 0 0 1 1 0 0 0 1 1 0 0 0 1 0 0
0 1 0 1 0 1 1 0 1 0 0 0 1 0 1 0 0 1 0 0 0 1 0 0 1 1 1 1 0 1 0 0 1 1 0 1 1 1 1 0 1 0 0 1 1 1 0 0 1 0 0 0 1 1 1 1 1 0 0 1 0 0 0 0 0 0 1 1 0 1 1 1 0 1 1 1 0 1 1 1 1 0 0 1 1 0 1 0 0 0 1 1 1 1 0 1 1 0 0 0
1 1 1 1 0 0 1 0 1 1 1 0 0 1 1 1 0 0 0 1 1 0 1 1 1 0 1 1 1 1 1 1 0 1 1 0 0 0 1 1 1 0 0 0 0 0 0 1 0 1 1 0 1 1 1 1 0 0 1 0 1 1 0 1 1 1 1 1 1 1 0 1 1 1 0 1 1 0 1 0 1 1 1 1 1 1 1 0 0 0 1 0 1 0 0 0 0 1 0 0
0 1 1 0 0 1 1 0 1 0 0 0 0 1 1 0 0 0 0 1 0 0 0 1 0 1 0 0 1 0 0 1 1 1 1 0 0 1 1 1 1 0 1 0 0 0 0 0 1 1 1 1 1 1 0 1 0 1 0 0 1 0 1 0 0 0 1 1 1 0 0 0 1 1 0 0 1 1 1 0 0 1 1 1 0 0 1 0 0 1 0 1 0 1 1 1 1 1 1 1
1 0 1 0 1 0 0 0 1 0 0 1 1 0 1 1 1 0 0 1 1 0 1 0 1 1 1 1 1 1 0 0 0 1 1 1 1 0 1 1 0 1 1 0 0 1 0 0 1 0 0 1 1 0 1 1 1 1 0 0 0 1 1 1 0 1 1 0 0 1 1 1 0 1 1 0 1 0 0 1 1 1 0 1 1 0 0 0 0 0 1 1 1 0 0 1 1 0 1 0
1 0 1 1 0 1 0 1 0 0 1 0 1 0 0 1 1 1 0 1 1 0 1 0 1 0 0 1 0 0 1 0 0 1 0 1 0 1 1 1 1 1 0 0 1 1 0 0 0 1 0 0 0 1 1 1 1 0 1 1 1 0 0 0 0 0 0 1 1 0 1 0 1 0 1 1 1 1 1 0 1 0 0 0 0 1 0 1 0 1 1 1 0 0 1 0 0 0 1 1
1 1 1 1 1 0 0 1 1 0 1 0 1 0 0 0 0 1 1 0 0 1 0 0 1 0 1 1 1 1 1 0 0 0 1 0 0 1 1 1 1 1 0 0 1 1 0 1 1 0 0 1 0 0 1 0 0 1 1 0 0 0 0 1 1 0 1 1 0 1 1 0 0 1 1 1 1 0 0 0 0 1 0 1 0 0 1 0 0 1 1 1 0 1 0 0 1 0 0 0
0 0 0 0 0 0 0 1 1 1 0 1 1 1 1 0 0 0 1 1 0 1 1 1 1 1 1 0 0 0 0 1 0 1 0 1 1 1 0 0 1 1 1 0 1 0 0 1 1 0 1 1 1 0 1 1 1 0 0 1 0 1 0 1 0 1 0 0 0 1 1 0 0 0 1 1 0 0 0 1 1 1 0 1 0 0 0 1 0 0 1 0 1 1 0 1 0 1 1 1
0 0 1 0 0 0 0 0 0 1 0 1 0 0 1 0 0 0 1 1 0 0 1 0 1 1 1 0 1 1 1 0 0 1 1 0 1 1 1 0 1 1 0 0 1 1 0 1 1 1 1 0 1 1 1 0 0 1 0 0 0 1 0 0 1 1 0 1 0 0 0 1 1 1 1 1 0 1 1 1 1 1 1 1 0 0 1 0 0 1 1 0 0 0 1 0 1 0 1 1
1 0 1 0 1 1 1 1 1 0 0 1 0 1 1 0 0 0 0 0 1 1 0 1 0 1 0 1 0 1 1 1 1 1 0 1 1 0 1 0 0 0 0 1 1 0 1 0 0 1 1 1 0 0 1 1 0 0 0 0 1 1 1 1 1 1 0 1 0 1 1 0 0 0 1 0 0 0 1 0 1 1 1 0 0 0 0 1 0 0 0 0 0 1 1 1 1 0 0 1
0 1 0 1 1 1 1 0 0 1 1 0 0 0 1 0 1 1 1 0 0 1 1 0 0 1 1 0 0 1 0 1 0 1 1 0 0 0 0 0 1 0 1 0 1 0 1 0 0 0 1 0 1 0 1 1 1 0 1 1 0 1 0 0 1 0 0 1 0 1 0 1 0 0 0 1 1 1 0 0 1 1 1 1 1 1 0 1 0 1 0 0 0 1 0 0 0 1 1 1
0 1 0 0 1 0 1 1 1 1 1 0 0 0 1 0 1 1 1 1 0 0 0 1 0 0 1 0 0 1 1 0 0 0 0 1 1 1 0 0 0 1 0 1 1 0 0 1 0 1 0 0 0 0 1 0 1 0 1 1 0 1 1 0 0 0 0 1 0 1 0 1 0 1 1 1 1 0 0 1 1 0 0 1 1 0 0 1 1 0 1 0 1 1 0 0 0 0 0 0
1 1 0 0 0 0 1 1 0 0 1 0 0 1 0 1 1 0 0 1 0 0 0 1 1 1 1 1 1 0 0 1 0 0 0 1 1 0 0 0 1 0 0 0 1 0 1 0 0 0 1 1 0 1 1 0 0 1 0 0 0 0 1 1 1 1 1 0 1 0 0 1 0 1 1 1 0 1 1 1 0 0 0 0 0 0 0 0 0 0 1 1 1 0 1 1 1 1 1 0
1 1 0 0 1 0 0 1 1 0 0 0 0 0 0 1 1 1 0 0 1 0 0 0 0 0 0 1 0 1 0 0 0 0 1 1 1 0 0 1 0 0 0 1 0 1 0 0 1 0 1 1 1 1 1 0 0 0 1 0 0 1 0 0 0 0 1 0 0 0 0 1 0 1 0 1 0 0 0 1 0 0 1 0 0 1 1 1 1 1 0 0 1 1 0 0 0 0 1 0
0 1 1 0 0 0 0 1 1 0 1 0 0 1 0 0 1 0 0 1 0 1 0 0 0 1 1 1 1 1 0 1 1 1 0 1 1 1 1 1 0 1 1 0 1 0 0 1 0 1 0 0 0 1 0 1 0 1 0 0 0 0 0 0 0 0 1 0 1 1 0 1 1 1 0 1 1 1 1 0 1 1 0 0 1 1 1 1 0 0 0 0 0 0 1 1 1 1 0 1
0 0 0 1 1 1 1 1 0 0 1 0 1 1 1 1 0 1 1 1 1 1 1 0 0 1 0 1 0 1 0 0 1 0 0 1 0 0 1 1 1 1 1 0 1 1 1 1 0 1 0 0 0 1 0 1 0 0 0 0 1 1 0 1 0 1 1 0 0 0 1 0 1 1 1 1 0 1 0 0 1 0 1 0 0 1 0 0 0 1 0 1 1 1 0 0 1 0 0 0
0 1 0 1 0 0 1 1 0 1 1 0 1 1 0 0 0 0 0 1 1 0 1 1 0 0 1 0 0 1 0 1 0 1 1 1 0 0 0 1 0 0 0 1 1 1 1 1 0 1 1 0 1 1 1 1 0 0 1 0 1 1 1 0 0 0 0 1 0 1 0 0 1 1 1 0 0 1 0 0 0 0 1 1 1 1 0 0 0 1 0 1 0 1 0 1 1 0 1 1
0 0 0 0 0 0 0 0 1 1 1 1 0 0 0 0 1 1 1 1 1 0 1 1 0 1 0 0 0 0 0 0 1 0 0 0 0 0 0 1 1 0 1 1 0 1 0 1 1 0 1 0 1 0 0 0 0 1 0 1 0 0 0 0 0 0 0 0 1 0 1 1 0 1 1 0 0 1 0 1 1 1 0 1 1 1 1 1 0 0 0 0 0 0 1 0 0 0 0 1
0 1 1 1 1 1 1 1 1 0 0 1 1 0 0 1 0 1 0 1 1 0 1 1 1 0 0 0 1 0 0 1 1 0 1 1 0 0 0 1 0 0 1 1 1 1 0 1 0 1 0 1 1 0 1 1 0 0 1 0 0 1 0 1 1 1 0 0 0 1 1 0 0 1 1 0 1 0 0 0 0 1 0 0 1 0 1 0 0 1 0 1 1 0 0 0 1 1 0 1
0 1 0 1 1 0 0 0 0 0 1 0 1 0 1 0 0 0 1 0 1 0 1 0 1 0 1 0 0 0 1 0 1 0 0 0 1 1 0 1 0 1 0 1 1 1 0 0 1 1 0 0 1 0 1 0 1 0 0 1 0 0 1 0 1 1 0 1 1 0 0 1 0 0 1 1 0 0 1 1 0 0 0 1 1 1 0 0 0 1 0 1 0 0 1 1 1 1 0 1
0 1 0 0 0 0 1 1 1 0 1 1 0 0 1 0 1 1 0 0 1 0 1 0 0 0 1 1 1 0 1 1 1 0 0 0 0 1 1 1 1 0 0 0 1 0 1 0 0 0 0 0 0 1 0 1 0 0 0 0 1 0 1 1 0 0 0 0 0 0 0 0 1 0 0 1 1 1 0 0 0 1 1 0 1 0 0 0 0 0 0 0 1 1 0 0 1 0 0 1
1 0 0 1 1 0 1 1 1 1 1 0 0 0 0 0 1 1 0 1 0 1 1 0 1 0 0 1 0 1 0 1 0 1 0 0 1 1 0 0 1 0 1 1 0 0 1 0 0 0 0 1 0 1 1 1 0 1 0 0 1 0 1 1 1 1 0 0 1 1 0 0 0 0 0 0 0 0 0 1 0 1 0 1 0 1 1 1 0 1 1 1 0 1 1 0 0 0 0 1
1 1 1 1 1 1 0 0 0 0 1 1 0 1 1 1 1 0 1 1 1 0 0 0 1 0 1 1 1 1 0 0 1 1 1 1 0 1 1 0 1 0 0 0 1 0 1 1 1 1 1 1 0 0 0 0 1 0 0 1 1 1 1 1 0 1 1 0 1 1 1 1 0 1 1 0 1 1 0 0 0 1 1 1 0 0 0 1 0 0 0 1 1 0 1 1 1 0 1 1
0 0 1 1 0 0 0 0 0 0 0 0 0 0 1 1 0 1 1 0 0 0 0 0 0 1 0 0 1 1 1 1 0 0 1 1 1 1 1 1 0 1 0 1 0 0 0 1 1 1 0 0 1 0 0 1 0 1 0 0 0 0 1 0 0 0 1 1 0 1 0 0 1 0 0 0 1 1 1 0 1 1 1 1 1 1 0 1 0 0 0 0 1 0 1 0 1 0 0 0
1 1 0 1 0 1 0 1 0 0 0 0 1 0 1 1 0 1 1 0 0 1 1 1 1 0 0 1 0 1 1 1 1 0 1 0 0 0 1 0 0 0 1 0 0 0 1 1 1 0 1 1 0 0 1 1 0 1 0 1 1 1 0 0 1 0 1 0 1 1 0 0 0 0 1 0 1 1 1 1 1 0 1 0 1 0 0 1 0 1 1 0 0 1 0 0 1 1 0 0
1 1 0 0 1 0 0 0 0 0 1 0 1 0 0 0 0 0 0 0 1 0 1 0 1 0 0 0 1 0 1 1 1 0 0 1 0 1 0 1 1 1 1 1 0 1 0 1 0 1 0 1 0 0 1 1 1 1 0 0 0 0 0 0 1 1 0 0 0 0 0 1 1 1 0 1 0 0 1 1 0 1 1 0 0 0 0 1 0 0 0 1 1 1 0 0 0 1 1 1
1 1 0 1 0 0 1 1 1 1 0 1 1 1 1 0 1 0 0 1 1 0 0 1 1 0 0 0 1 0 1 1 0 1 0 0 1 0 1 1 1 0 1 0 1 1 1 0 0 1 0 1 1 1 0 1 1 0 1 1 1 1 0 0 1 1 0 1 0 0 0 1 1 0 0 1 1 1 0 0 1 1 0 0 0 1 1 1 0 0 1 1 0 1 1 0 0 0 1 0
1 0 1 0 1 0 1 0 0 1 0 1 1 0 0 1 1 1 1 1 1 0 1 1 0 0 1 0 0 0 1 1 1 1 1 0 0 1 0 1 0 1 1 0 0 1 0 1 1 1 0 1 0 1 1 1 0 0 1 1 1 0 1 0 1 0 0 1 0 0 0 1 1 1 0 1 1 1 0 1 1 0 0 0 1 1 1 0 0 1 1 1 0 1 0 0 0 1 0 0
1 1 0 0 0 0 1 0 1 1 1 0 1 0 0 1 1 1 0 1 1 1 1 0 0 0 0 0 0 1 1 0 1 0 1 1 1 0 0 0 0 1 1 0 0 1 0 1 0 0 1 0 1 1 1 0 0 0 0 1 0 1 1 0 0 0 1 0 0 1 1 0 1 1 0 0 1 1 0 1 0 1 1 1 1 1 0 1 0 0 0 0 0 0 1 0 0 0 0 1
0 0 0 0 0 0 1 0 0 1 0 0 1 1 1 1 1 0 1 1 1 0 0 0 0 1 0 1 0 0 1 1 0 0 1 1 1 0 0 0 0 1 1 1 0 1 0 1 0 0 1 1 1 1 0 1 0 1 1 0 0 1 0 0 0 1 1 1 0 1 0 1 0 0 0 0 0 1 0 0 0 0 0 0 1 1 0 0 1 0 1 1 0 1 1 0 0 1 1 0
1 0 0 1 1 0 0 1 1 1 1 1 1 1 0 1 0 0 1 0 0 1 1 1 1 0 1 0 0 0 0 1 0 0 1 1 1 0 0 0 0 0 1 1 1 0 1 0 0 0 0 0 0 0 0 1 1 0 0 1 1 0 1 0 1 1 0 1 1 0 0 0 0 0 0 1 0 0 0 1 1 0 1 1 1 1 1 1 0 0 0 1 1 0 0 1 1 0 0 0
0 1 1 1 1 1 1 0 0 0 1 1 0 0 0 0 0 0 0 0 1 1 0 0 0 0 1 0 0 1 1 1 0 0 0 0 1 0 1 1 0 0 0 1 1 1 1 1 0 0 0 1 1 0 0 0 0 1 1 1 0 1 0 0 0 0 0 0 1 0 1 1 1 1 0 0 1 1 0 1 0 1 0 0 0 1 0 0 0 1 0 0 0 0 1 1 1 0 0 0
1 0 0 0 0 1 0 0 1 1 1 1 0 1 0 0 1 1 0 1 1 0 1 0 0 0 0 0 0 1 1 1 0 1 0 0 0 1 1 1 1 0 0 0 0 1 0 0 1 1 1 0 0 1 0 0 1 1 1 1 1 0 0 1 0 1 0 1 0 1 0 0 1 1 1 0 1 0 0 0 0 0 0 0 0 0 0 1 1 0 1 1 1 0 1 1 1 0 1 0
1 0 1 0 0 0 1 1 0 1 0 1 1 0 0 1 0 0 1 0 1 0 1 0 1 0 0 1 1 1 1 0 1 1 1 0 1 0 0 1 1 0 0 0 0 0 1 0 1 1 1 0 1 1 1 0 0 1 1 0 0 1 0 1 1 0 1 0 1 1 1 1 0 1 1 1 0 0 0 0 1 1 1 1 1 0 0 0 1 1 0 1 0 0 1 1 0 1 0 0
1 1 0 1 0 1 1 0 1 1 0 0 1 0 0 1 0 1 1 1 1 0 0 1 1 1 0 1 0 0 1 1 0 0 1 0 0 0 1 1 0 0 1 0 0 0 1 1 1 0 1 0 1 1 0 1 0 0 1 1 1 0 0 0 0 1 1 0 1 1 0 0 1 0 1 0 1 1 0 1 0 1 0 0 0 0 1 0 0 0 1 0 0 0 1 0 0 1 1 0
1 1 1 0 1 1 1 0 0 1 1 1 0 1 0 1 0 0 0 0 1 1 0 1 0 0 0 1 1 0 0 1 0 0 0 0 1 0 0 1 1 1 0 0 0 1 1 0 0 1 0 1 1 1 1 0 0 1 0 1 1 0 0 0 1 0 0 0 0 1 1 1 1 0 1 0 1 1 1 1 0 0 0 1 0 1 0 1 0 0 0 0 1 1 0 1 1 1 1 0
0 1 0 0 1 0 0 0 0 1 0 1 1 1 0 0 0 1 1 0 1 0 1 1 1 1 1 1 0 0 1 0 0 1 1 1 1 0 1 1 0 0 1 0 1 0 0 1 1 0 0 1 0 0 1 0 0 1 1 0 1 0 0 1 1 1 0 0 0 1 0 1 1 1 0 0 1 0 1 1 1 0 0 1 1 0 0 1 1 1 0 0 1 0 0 0 1 0 1 0
1 1 1 1 0 0 0 0 1 1 1 1 0 1 1 0 0 1 0 1 0 1 0 1 1 0 0 0 0 0 0 0 1 1 1 0 1 0 0 1 1 0 1 0 0 1 0 1 1 1 1 1 0 1 0 1 1 0 1 1 1 0 1 1 1 0 0 0 1 1 1 0 1 1 0 0 0 1 0 1 1 1 1 1 1 0 1 0 1 0 0 1 0 0 0 1 0 1 0 1
0 1 1 0 0 1 1 0 0 1 0 1 1 1 1 1 1 0 1 0 1 1 1 0 0 0 1 0 0 1 0 1 0 0 0 0 0 0 0 1 0 0 0 0 1 1 1 0 0 0 0 0 1 0 0 1 1 0 1 1 0 0 1 0 1 0 1 0 1 1 0 1 0 0 0 0 0 0 1 1 1 1 1 1 1 1 1 0 1 0 1 1 1 0 0 1 0 1 0 1
1 0 0 1 1 1 0 1 0 0 0 1 0 0 1 0 1 0 0 0 1 1 0 1 0 1 1 1 1 0 0 0 0 1 0 1 0 0 1 1 0 0 1 0 1 0 1 1 0 0 1 1 0 0 1 1 0 0 1 1 1 0 1 0 0 0 0 1 1 1 0 0 1 1 0 1 1 0 1 1 1 0 0 0 0 1 1 0 0 1 1 0 0 1 1 0 1 1 0 1
1 0 1 1 1 0 1 1 1 0 1 1 1 1 1 0 1 1 0 1 0 0 1 1 1 0 0 0 0 0 0 1 1 1 0 1 0 1 1 1 1 0 0 1 1 1 0 1 1 0 0 1 1 0 1 1 1 0 1 1 0 0 1 1 1 0 1 0 0 0 0 0 0 0 0 1 0 1 1 1 1 0 0 0 1 0 1 1 1 0 0 0 0 0 1 1 0 0 0 1
1 0 0 0 0 1 0 1 1 1 0 0 1 1 1 0 1 1 1 0 0 0 1 1 1 1 0 1 1 1 0 1 0 0 1 0 1 1 1 1 1 1 0 1 1 0 0 0 1 1 0 0 0 0 0 1 1 0 1 1 1 1 0 1 0 1 1 0 0 1 1 1 0 1 1 0 1 0 1 1 1 0 0 1 1 1 1 1 1 0 0 1 1 0 0 0 0 0 0 1
1 1 1 0 0 1 0 1 1 0 1 0 1 0 0 1 1 1 1 1 1 1 1 0 1 1 1 0 1 0 0 0 1 1 0 0 1 0 0 0 0 0 0 1 1 0 1 1 0 1 1 0 1 1 1 0 0 0 1 1 0 0 0 0 0 1 1 1 0 0 1 1 1 1 0 1 0 0 0 0 1 0 1 0 1 0 0 0 1 0 0 0 1 0 1 1 0 0 1 0
0 0 1 0 0 0 0 0 1 0 0 0 0 0 1 1 1 1 0 1 0 0 1 0 0 1 1 0 1 1 1 1 1 1 0 0 0 0 1 1 1 1 0 1 0 0 1 1 0 0 1 1 0 1 1 1 1 0 0 0 1 1 0 0 1 1 0 0 1 0 1 0 0 0 0 1 0 0 1 1 0 0 0 0 1 1 0 1 1 1 0 1 1 0 0 0 0 0 0 0
1 1 0 1 0 0 1 1 1 1 0 1 1 1 0 1 0 1 1 0 1 0 1 0 0 0 1 0 1 0 1 0 1 1 1 1 0 0 1 0 0 1 1 1 0 1 0 0 1 1 1 1 0 0 0 1 1 1 1 1 0 0 1 0 0 1 1 0 0 0 0 0 0 0 1 1 0 1 1 0 1 1 1 1 1 1 0 0 1 0 1 1 1 1 0 0 1 0 1 1
0 0 0 0 0 1 0 1 0 0 1 1 0 0 0 1 0 0 0 1 0 1 0 0 0 1 1 1 0 1 1 0 1 1 1 0 0 1 1 0 0 0 0 1 1 0 1 1 0 0 0 0 1 1 0 0 1 1 0 0 1 0 0 1 0 1 1 1 0 0 0 0 0 1 1 0 1 1 1 1 0 1 0 1 1 1 0 1 1 0 1 1 1 1 1 1 0 0 1 1
0 1 1 1 0 1 0 0 0 0 1 1 1 1 1 0 0 0 1 0 0 1 0 1 0 0 0 1 0 1 0 0 1 0 0 1 1 0 0 1 0 1 1 0 1 0 1 0 1 0 1 0 0 1 0 0 0 1 1 0 0 1 0 0 1 0 0 1 0 0 0 0 1 1 0 0 1 0 0 1 0 0 1 1 0 1 0 0 1 0 1 1 1 0 1 0 0 1 0 1
1 0 0 1 0 1 1 1 0 1 0 0 0 1 0 0 1 0 1 0 0 1 0 1 0 1 1 0 1 0 1 0 1 0 0 0 0 1 0 0 0 0 1 1 1 1 0 0 1 1 1 1 1 1 0 0 0 0 1 1 1 0 0 0 1 1 0 0 0 0 1 0 0 1 1 1 1 0 1 1 0 1 1 1 1 0 1 1 1 0 1 1 1 0 1 1 1 0 0 1
1 0 0 0 0 1 1 1 1 1 1 1 1 0 1 1 0 1 1 1 0 0 0 0 0 1 1 1 0 1 0 0 1 0 1 0 0 0 1 1 1 1 0 1 1 1 1 1 0 1 1 1 1 1 0 0 1 0 0 0 1 1 1 0 0 0 1 1 0 0 0 0 0 0 0 1 0 1 0 0 1 1 1 0 1 1 0 1 1 0 1 1 1 1 1 0 1 0 1 1
0 1 1 0 1 0 1 1 0 1 1 1 0 1 1 0 1 0 1 0 0 0 0 0 1 1 1 0 0 1 0 0 1 0 1 0 0 1 0 0 1 0 1 1 0 1 1 1 0 1 1 1 0 1 0 0 1 0 0 1 1 1 0 1 0 0 0 0 0 1 0 1 1 1 0 0 1 0 0 0 0 0 1 0 1 0 0 1 1 0 0 1 1 1 1 1 1 1 1 0
0 1 1 1 1 0 0 1 1 1 0 1 0 0 0 0 0 0 1 1 1 1 1 1 0 0 1 1 0 0 0 0 0 1 1 1 0 0 0 1 1 1 0 1 1 1 0 1 1 1 0 1 0 0 1 0 1 1 1 0 0 1 0 0 1 0 1 1 1 1 0 1 0 1 1 1 1 0 1 0 0 0 1 1 1 0 1 0 0 0 0 0 0 0 0 1 0 0 0 1
1 1 0 0 1 1 0 1 0 1 0 0 1 1 1 0 1 1 0 1 1 0 1 0 0 1 0 1 1 0 1 0 1 1 1 1 1 1 1 1 0 1 0 0 1 0 1 1 0 1 0 1 1 1 1 1 0 1 0 0 0 0 1 1 1 1 0 0 0 1 0 1 0 0 1 1 1 0 1 1 0 1 1 0 0 0 0 1 0 1 0 1 1 0 1 0 1 1 0 0
0 1 0 0 0 0 0 1 1 0 0 1 0 0 1 0 1 1 0 0 0 0 1 0 0 0 0 1 0 0 1 0 1 0 1 0 1 1 0 0 1 0 1 0 0 1 1 1 1 1 0 0 0 0 0 0 1 0 0 1 0 0 1 1 0 0 1 1 1 0 1 0 1 0 1 0 0 1 0 0 0 1 0 0 0 0 1 1 0 0 0 0 0 1 0 0 0 0 0 1
1 0 1 1 1 1 0 1 0 0 0 0 1 1 0 0 1 0 0 0 1 1 1 1 0 1 1 1 0 0 0 0 0 0 0 0 1 1 0 0 1 0 1 0 1 1 0 1 1 1 1 1 1 1 1 0 1 0 0 0 0 0 0 0 1 0 0 1 1 1 0 0 0 1 1 0 1 1 0 1 1 0 1 0 0 1 1 0 0 0 1 0 1 0 1 1 1 1 1 0
1 0 1 0 1 0 0 0 0 1 0 1 1 0 0 1 1 0 0 0 1 1 1 1 1 0 0 0 1 1 0 1 0 0 0 0 1 1 0 0 1 0 1 0 1 1 0 0 0 0 0 1 0 1 0 1 0 0 1 1 0 1 1 0 1 0 1 1 0 1 1 0 0 1 1 1 1 1 0 1 1 1 1 1 0 0 0 0 1 1 1 0 0 1 1 0 0 1 0 1
0 1 1 0 1 1 1 0 1 1 0 0 1 1 0 1 1 1 0 1 1 0 1 1 1 1 1 1 1 0 1 0 0 1 0 0 1 1 1 0 0 1 0 0 0 0 1 0 0 0 1 0 1 1 0 1 0 1 0 0 1 1 1 1 0 0 1 0 0 1 0 1 0 0 0 0 1 0 0 1 0 0 1 1 0 1 1 1 1 1 1 1 0 0 0 1 0 0 1 1
0 1 0 0 0 0 1 1 0 1 1 1 0 1 0 0 0 1 0 0 0 0 0 0 0 0 1 0 0 0 1 0 1 0 0 1 1 0 1 1 1 0 0 1 1 1 1 1 1 1 1 1 1 0 1 0 0 1 0 1 1 0 1 1 1 0 0 0 1 0 0 1 1 1 1 0 0 0 0 0 0 0 0 1 0 1 0 1 0 0 0 1 0 1 0 0 1 0 1 1
0 1 1 0 0 1 0 0 0 0 1 1 1 1 0 0 0 0 1 1 0 0 1 0 1 1 1 0 1 0 1 0 1 0 0 1 0 1 0 0 0 0 1 0 1 1 1 1 0 1 1 1 1 1 0 0 0 1 0 0 0 0 1 1 1 1 0 1 0 0 0 0 1 0 1 0 0 0 1 1 0 0 0 0 0 0 0 0 0 1 0 0 0 0 1 1 1 0 1 0
0 1 0 1 1 0 0 1 0 0 0 1 1 0 1 1 0 0 1 0 0 1 0 0 1 0 0 1 0 0 0 1 0 0 0 0 1 0 1 1 0 0 0 0 0 0 0 0 1 1 0 1 0 1 0 1 0 0 1 1 0 0 0 1 0 1 1 0 0 0 1 0 1 0 1 0 0 0 0 1 0 0 1 1 1 0 0 0 0 0 0 0 0 0 1 0 0 1 0 0
0 1 1 0 1 0 1 0 1 1 0 1 0 0 1 0 0 1 0 0 1 0 0 0 0 1 1 1 1 1 1 0 1 0 1 1 0 1 0 1 1 0 0 0 0 0 0 1 0 1 0 1 1 1 1 0 1 1 1 1 1 1 0 1 1 0 1 0 0 1 0 1 1 0 0 0 1 0 0 0 0 1 0 1 1 1 0 0 0 0 1 1 1 1 0 0 1 0 1 1
0 0 1 0 0 0 1 1 0 0 1 0 1 1 0 1 1 0 0 0 1 1 1 1 1 0 1 0 1 0 0 0 1 1 1 0 1 1 1 1 1 1 0 0 1 0 1 1 0 1 0 1 1 0 0 1 1 1 1 0 1 1 1 0 0 1 0 1 0 0 0 1 0 1 0 0 0 0 1 1 0 0 1 0 0 1 1 1 0 1 0 0 0 0 1 0 0 1 0 0
0 0 1 1 0 0 0 1 1 0 1 1 0 1 1 0 1 1 0 1 0 0 1 1 0 0 1 1 0 0 1 1 0 1 1 0 1 1 0 0 1 1 0 1 1 0 0 0 0 1 1 1 0 1 0 1 0 1 1 1 1 1 0 0 1 0 0 1 0 1 0 0 0 1 1 0 1 1 1 1 1 1 1 0 1 0 0 1 0 0 1 1 0 0 0 0 0 1 1 1
1 1 1 0 0 0 1 1 1 0 1 0 1 0 1 1 0 0 0 1 1 1 0 1 1 1 0 0 0 0 1 1 0 1 1 0 1 0 1 0 1 1 0 1 1 1 1 0 1 1 0 1 0 0 0 1 1 0 0 1 0 1 0 0 0 1 0 1 0 0 0 0 0 1 1 1 0 0 0 0 1 1 1 1 1 1 0 1 0 1 1 1 0 1 1 0 0 0 1 0
1 1 1 0 0 0 1 0 1 1 1 1 1 0 0 1 0 1 1 0 1 1 1 0 0 0 0 1 1 0 1 1 0 1 0 0 0 1 1 1 1 0 0 1 0 0 1 0 0 0 1 0 1 1 1 1 1 1 0 0 1 0 1 1 0 1 1 1 0 0 0 1 0 1 0 1 0 0 1 0 1 1 1 1 0 0 1 0 1 1 0 0 1 1 0 0 0 1 0 0
1 1 1 1 1 0 1 1 0 1 0 0 1 1 1 0 0 0 1 0 1 0 0 0 0 0 1 1 0 1 0 0 1 0 1 0 1 0 0 1 0 1 0 0 0 1 0 1 0 0 1 0 0 1 1 1 0 0 0 0 0 0 0 0 0 0 1 1 0 0 0 0 1 0 1 0 1 1 1 0 0 0 1 1 1 0 0 0 1 1 1 0 0 1 0 1 0 1 1 0
1 1 1 0 0 1 1 1 1 0 0 0 0 0 0 0 1 0 1 0 0 1 1 1 0 0 0 0 0 0 1 1 0 0 1 0 1 0 0 1 0 1 0 0 1 1 1 0 0 1 0 1 0 1 0 0 1 1 0 1 1 1 0 1 0 0 1 1 1 1 1 1 0 0 0 1 0 1 0 1 1 1 0 0 1 0 1 0 0 0 1 1 1 0 0 0 1 0 0 1
1 1 0 1 1 1 0 1 1 0 1 0 0 1 0 0 1 1 0 0 0 0 1 0 1 0 0 1 0 0 1 1 1 1 0 0 0 0 0 1 1 0 1 0 1 1 1 0 0 0 1 0 1 1 0 1 0 1 1 0 1 1 0 1 1 0 1 0 1 0 0 1 1 0 1 0 0 0 0 1 0 0 1 1 0 0 1 0 0 0 0 1 1 1 0 1 1 0 0 1
0 1 0 1 0 1 1 1 1 0 0 0 1 1 1 0 0 1 1 0 1 1 0 1 1 0 0 1 1 1 1 1 0 0 1 1 1 1 1 0 0 1 1 0 0 1 0 1 1 0 1 1 0 0 1 1 1 1 0 0 0 0 0 1 0 1 0 1 1 0 0 1 0 0 0 0 0 0 0 1 0 0 0 0 1 0 0 1 1 0 1 0 1 0 1 0 0 1 1 0
0 1 1 0 0 0 1 0 0 1 1 1 0 1 1 1 0 0 1 0 1 1 1 0 1 1 1 1 0 1 0 1 0 0 0 1 1 0 0 0 0 0 0 1 1 1 0 0 0 0 0 0 1 1 1 0 0 0 1 0 1 0 0 0 0 0 0 1 0 1 0 0 0 1 0 0 0 0 0 0 0 0 1 1 0 0 1 0 0 0 1 0 1 1 1 1 1 1 0 1
0 1 1 0 0 0 0 0 1 0 1 1 1 0 1 0 0 1 0 0 0 0 0 0 1 0 1 0 1 0 1 0 0 0 0 0 1 0 1 1 1 0 0 0 0 0 1 1 1 0 0 1 0 0 0 0 0 1 0 1 0 1 1 1 1 0 0 1 1 1 0 0 1 0 1 0 0 0 0 0 0 0 1 1 0 1 0 1 1 0 0 0 1 0 1 0 1 0 0 1
1 0 1 0 0 1 1 0 0 0 0 1 0 0 0 0 0 0 1 0 1 0 0 0 1 1 1 0 0 1 1 0 1 1 1 0 1 1 1 0 1 1 0 0 1 0 0 0 0 0 0 1 1 0 0 0 1 1 0 1 1 0 0 0 0 0 1 0 0 1 1 1 0 0 1 0 1 1 0 0 1 1 0 0 1 0 0 1 0 0 1 1 0 0 0 0 1 0 1 0
1 1 0 0 0 1 1 1 1 1 0 0 1 0 1 1 1 0 0 0 1 0 0 1 0 1 1 0 0 0 1 0 0 1 0 1 0 1 0 0 0 0 1 0 1 0 0 1 0 0 0 1 1 0 1 0 0 0 0 0 0 0 0 0 1 0 0 1 0 1 1 0 0 1 1 1 0 1 1 0 0 1 1 1 0 0 0 0 0 1 1 1 0 1 0 1 0 0 0 1
1 1 1 0 1 1 0 0 0 1 1 0 0 0 1 1 1 1 1 0 0 0 0 0 1 0 0 0 0 1 1 1 0 0 1 1 0 0 0 0 1 1 1 1 1 1 0 0 1 0 0 0 0 0 0 0 1 0 0 1 1 0 0 1 0 0 1 0 0 0 1 1 0 1 1 0 0 0 0 0 1 0 1 1 0 1 0 1 0 1 1 0 0 1 0 1 1 1 0 0
1 0 1 0 0 0 1 1 1 1 0 0 0 1 0 0 0 1 1 1 0 1 0 0 1 1 1 1 0 0 1 0 0 1 1 0 0 0 1 0 1 1 1 1 0 0 0 0 1 0 1 1 1 1 0 0 0 1 0 0 1 1 0 0 0 0 0 1 0 1 1 1 0 0 0 1 0 0 1 1 0 1 0 1 1 1 0 0 0 1 0 1 0 1 0 0 0 0 0 0
0 0 0 1 1 1 0 0 0 0 1 0 1 0 1 1 1 1 0 1 0 1 1 1 1 1 1 0 0 0 1 0 1 0 1 1 1 1 1 1 1 1 1 0 0 1 1 1 0 1 1 1 1 1 0 1 0 0 0 1 0 1 1 0 0 1 1 0 0 0 0 0 0 1 0 1 1 1 1 0 0 1 1 0 1 0 0 1 1 0 1 1 1 1 1 0 0 0 0 1
0 1 0 1 1 1 0 1 0 1 1 1 1 0 0 1 1 1 1 1 1 0 1 1 0 1 0 0 0 0 1 1 0 0 1 1 0 0 0 0 0 0 0 0 1 0 1 1 1 0 0 1 1 1 1 1 1 0 1 1 0 1 0 0 1 1 0 0 0 0 1 0 1 0 1 1 0 1 1 0 0 1 0 0 0 1 1 0 1 0 0 0 1 0 1 1 0 1 0 0
0 0 1 0 1 0 1 1 0 1 1 0 1 0 1 1 0 1 0 0 1 1 0 0 1 0 1 1 0 0 0 0 0 0 1 1 1 1 1 0 1 1 1 1 1 0 1 1 1 0 1 0 0 1 0 1 0 0 1 1 1 0 1 0 0 0 0 1 0 1 0 1 1 0 1 0 1 1 1 0 0 1 0 0 1 0 0 1 0 1 1 0 0 1 1 1 0 1 1 0
1 0 0 1 1 0 1 0 0 1 1 0 0 0 1 0 0 1 1 1 1 0 0 0 0 0 1 1 1 0 1 0 1 1 0 1 0 1 1 0 1 0 1 0 1 0 0 0 1 0 1 1 0 0 1 1 1 0 0 1 0 0 0 1 0 1 1 1 0 0 1 0 1 0 0 0 0 1 1 0 1 1 0 0 0 0 0 1 1 0 0 0 1 1 1 1 0 1 1 0
1 1 1 1 0 0 0 1 0 1 0 0 0 0 0 0 0 0 0 1 1 0 1 0 1 0 0 1 0 0 1 1 0 1 0 1 0 1 0 1 0 1 1 1 1 0 0 0 1 1 1 1 1 1 0 0 0 1 1 0 1 0 0 1 0 1 0 1 1 0 1 0 0 1 0 0 1 1 0 1 1 1 1 1 1 1 1 0 0 0 1 1 1 1 1 1 1 1 1 1
1 1 1 0 1 0 1 1 1 1 1 0 0 1 1 1 1 0 0 1 1 0 0 0 0 0 0 1 1 1 1 0 1 0 1 1 0 0 1 1 0 0 1 0 1 1 0 1 1 0 1 1 1 1 0 1 0 1 1 1 1 0 0 1 1 0 1 1 0 1 0 0 1 0 1 0 1 0 1 0 0 0 1 1 0 0 1 0 0 0 1 0 0 1 0 1 1 1 1 1
0 0 0 0 0 1 0 1 1 0 1 0 0 0 0 1 0 1 0 1 0 0 1 0 0 0 1 1 1 0 1 1 1 1 1 0 0 0 0 1 1 0 1 1 1 0 0 1 1 1 1 1 0 1 0 1 1 0 1 1 0 1 1 1 0 0 1 0 1 0 1 0 1 1 0 1 1 1 0 1 1 1 1 1 1 1 1 1 0 0 1 1 0 0 1 0 1 0 1 0
1 0 0 1 1 0 1 0 0 1 1 1 1 1 1 1 1 1 1 0 1 1 1 1 0 0 1 1 1 1 0 0 1 0 1 0 1 0 1 1 0 1 1 1 1 0 0 1 0 0 1 1 0 0 1 1 0 0 1 0 1 0 0 0 0 0 0 0 1 0 0 0 0 0 0 1 1 1 1 1 1 1 0 0 1 0 0 1 0 1 0 0 1 0 0 1 1 1 1 0
1 1 0 0 1 1 0 0 1 1 0 0 0 1 1 0 1 1 1 0 0 0 0 0 0 0 1 0 1 1 0 0 1 0 0 1 0 0 0 0 1 0 1 0 1 0 0 0 1 1 1 1 0 0 0 1 1 0 1 1 1 1 1 0 1 0 1 0 1 0 1 1 0 0 0 0 0 0 0 1 0 0 0 1 1 0 0 1 1 0 0 0 0 1 1 1 0 1 0 1
0 1 1 1 1 1 1 1 0 1 0 1 1 1 1 0 1 1 0 0 0 1 1 0 1 1 0 1 1 0 1 0 1 0 0 1 0 0 1 0 0 0 0 0 1 1 0 1 0 0 1 1 1 1 1 1 1 1 0 1 1 1 1 1 0 0 0 1 0 1 0 1 0 1 1 1 1 1 1 1 0 1 1 0 1 0 1 0 0 1 0 1 0 1 0 1 0 0 1 0
1 0 1 0 0 0 1 1 1 1 0 0 0 1 0 0 1 0 1 0 0 0 0 1 1 0 0 1 0 0 0 0 0 1 1 1 0 1 0 0 1 1 0 1 1 0 1 1 0 1 0 0 1 1 1 1 1 0 0 1 1 0 1 0 1 1 0 1 0 0 1 0 1 1 0 1 0 0 1 0 0 1 0 0 0 1 0 0 1 0 0 1 1 0 0 0 0 0 1 0
0 1 1 1 0 1 1 1 1 0 0 0 0 0 0 0 0 1 0 0 0 0 0 0 0 0 0 1 0 0 0 0 1 1 0 0 1 1 1 0 1 1 1 0 1 1 0 1 1 0 1 0 0 1 1 1 1 1 1 1 1 0 1 1 0 1 0 1 0 1 1 0 1 0 0 0 1 0 1 0 0 0 0 0 1 0 1 1 0 1 1 0 0 0 0 1 0 0 0 0
1 1 1 1 0 1 1 1 1 0 1 0 0 1 0 1 0 1 0 1 0 0 0 1 1 0 1 1 0 0 0 1 1 0 0 0 1 1 1 1 0 0 0 0 1 1 0 0 1 1 1 1 0 1 0 1 1 1 0 0 0 0 1 1 0 0 0 0 0 0 0 0 0 1 0 1 0 0 0 1 1 0 1 0 0 1 0 0 1 1 0 1 1 0 0 0 0 0 0 0
1 0 0 1 1 1 0 1 0 1 1 1 1 0 1 1 1 0 1 0 0 0 1 0 1 1 0 1 0 1 0 0 1 0 1 0 0 1 0 1 0 0 1 1 0 0 0 1 0 1 1 0 1 0 1 1 1 0 1 0 1 0 1 1 0 1 1 0 0 1 1 0 1 1 0 1 0 0 0 1 1 0 0 1 0 0 0 0 0 1 1 1 1 1 1 1 0 0 1 1
1 1 1 1 1 1 0 1 1 0 0 0 1 1 0 0 1 0 0 1 0 1 0 0 0 0 0 0 1 0 0 1 0 1 1 1 0 1 1 1 0 0 0 0 1 0 0 1 0 0 1 0 0 1 1 0 1 1 1 0 0 0 1 0 1 0 0 0 1 0 0 1 1 1 1 0 1 1 1 0 0 0 0 1 1 1 1 1 0 1 1 1 0 0 0 1 0 0 0 1
1 1 0 1 1 0 1 0 1 0 0 1 0 0 1 0 1 1 0 0 0 0 0 1 0 1 1 0 0 0 0 1 0 1 1 0 0 1 0 0 1 1 0 1 0 1 0 1 1 0 1 1 1 0 0 0 0 1 1 1 1 1 0 1 1 0 1 0 0 0 1 1 1 0 0 1 0 1 0 0 0 0 1 1 0 0 0 0 1 0 0 0 0 1 1 0 0 0 0 1
1 1 0 0 0 0 0 0 0 0 0 1 0 0 1 0 0 0 1 0 1 0 0 0 1 1 1 0 0 1 0 1 0 1 0 1 1 0 0 0 0 1 1 1 0 0 0 1 1 1 0 1 1 0 0 1 1 0 1 0 0 0 1 0 0 0 1 0 1 0 0 1 1 0 0 0 0 1 0 0 0 1 0 1 0 0 0 0 1 1 1 0 1 0 0 1 0 1 0 0
