100
0 3 4 6 7 10 11 13 18 19 20 22 29 30 33 35 36 37 40 42 44 46 49 51 54 56 58 61 62 67 72 74 75 77 78 83 84 93 95 99
0 0 0 0 1 1 1 1 0 1 1 0 0 1 0 0 0 0 0 1 1 0 1 0 0 0 1 1 0 0 0 1 1 1 1 1 0 0 1 1 1 0 0 1 0 0 1 0 1 0 0 1 0 0 1 1 1 1 0 0 0 0 0 0 0 0 0 0 0 1 1 1 1 1 1 0 1 1 1 1 0 1 0 0 0 1 1 0 0 0 0 1 1 1 0 0 1 1 1 0
1 0 1 1 1 1 1 0 1 1 0 1 0 0 0 0 1 0 0 1 1 0 1 1 0 0 0 0 1 0 0 0 1 1 1 0 1 1 1 1 1 0 1 0 0 0 0 1 1 0 1 0 0 1 1 1 1 0 0 0 0 0 1 1 0 0 0 1 0 1 0 1 1 1 0 0 1 0 1 1 0 1 0 1 1 1 0 0 1 0 0 0 0 1 0 1 1 0 1 1
0 0 0 1 1 0 1 0 1 1 1 1 0 0 1 0 0 1 1 0 1 1 1 1 0 1 0 1 0 1 1 1 0 0 0 0 0 0 0 1 1 0 1 0 0 0 1 0 0 0 0 1 1 0 1 0 0 0 0 0 0 0 1 1 1 1 1 0 1 1 1 1 1 1 1 1 1 0 0 1 0 1 1 0 0 0 1 0 0 0 1 1 0 1 0 0 0 0 0 1
0 0 0 0 0 1 1 0 0 1 0 0 0 1 1 0 0 1 0 1 0 0 0 0 1 1 1 0 1 1 0 1 0 0 1 1 0 0 1 0 1 0 0 1 1 1 0 0 0 1 1 0 1 1 1 0 0 0 1 0 1 1 1 0 1 1 0 1 0 1 0 1 0 0 0 0 1 0 1 1 1 1 0 1 1 1 1 1 1 1 1 1 1 0 0 1 0 0 0 1
1 1 1 0 0 1 1 0 0 1 1 0 1 0 0 0 0 1 1 0 0 1 0 1 1 0 1 0 1 0 0 1 1 0 1 1 0 1 0 0 0 0 1 1 1 1 1 1 0 0 0 1 0 0 0 0 0 1 1 1 0 0 0 0 1 1 1 1 1 0 1 0 0 0 0 0 1 1 0 1 1 0 1 1 0 1 0 0 1 1 1 1 0 1 1 1 0 0 0 1
1 0 0 0 1 0 0 0 0 1 0 1 0 0 0 0 0 0 1 1 0 1 0 0 1 1 1 0 0 1 0 0 1 0 1 1 0 1 0 1 1 1 1 1 1 1 0 0 1 0 1 0 0 0 1 0 0 0 1 1 1 1 0 1 0 0 1 1 1 1 0 0 0 1 0 0 1 0 1 1 1 0 0 0 1 1 0 0 0 1 0 0 1 1 0 0 1 1 0 1
0 1 0 0 0 1 0 1 0 1 0 0 1 1 0 0 1 0 1 0 1 0 1 0 0 0 1 0 0 0 1 1 0 1 1 1 0 0 0 0 1 0 1 0 0 1 1 1 0 0 0 0 1 1 1 1 0 1 0 1 0 0 0 0 0 1 0 0 1 1 0 1 0 1 1 0 0 0 1 1 1 1 0 1 0 1 1 0 1 0 0 1 0 0 1 0 1 0 1 1
0 1 1 0 0 0 1 0 1 0 1 0 0 1 0 1 0 1 1 0 1 1 1 1 1 1 1 1 0 1 0 0 1 1 1 0 0 1 0 1 0 1 0 0 1 1 1 0 0 1 1 0 1 1 1 1 1 0 0 0 0 1 1 0 1 0 1 1 1 1 0 1 0 0 1 1 1 1 0 0 0 1 0 1 1 1 1 0 1 0 1 0 1 1 0 1 1 0 1 1
1 0 1 0 1 0 1 0 0 1 1 1 1 0 1 0 0 1 0 1 1 1 1 0 1 1 0 1 0 0 1 1 0 0 0 0 0 0 1 0 0 1 0 1 0 0 1 0 1 0 0 0 0 0 1 0 0 1 1 1 1 1 0 1 0 0 1 0 1 1 1 0 0 1 1 1 0 1 1 0 0 0 1 0 1 0 0 0 1 0 0 0 1 1 1 0 0 0 0 1
1 0 0 0 0 1 1 1 0 0 1 1 0 1 0 1 0 1 1 1 0 1 0 0 0 0 1 1 0 0 0 1 0 1 0 0 1 1 0 1 0 0 0 0 0 0 0 0 1 0 0 1 0 1 1 0 1 1 1 0 1 0 0 0 1 0 0 0 0 1 0 1 0 0 0 1 0 1 1 0 0 0 0 1 1 0 0 0 0 0 1 1 0 1 0 1 0 0 1 1
1 0 1 0 0 0 1 1 1 1 0 0 1 0 0 0 1 0 1 0 0 0 1 0 1 0 1 1 0 1 0 0 1 0 0 0 1 0 1 1 0 0 0 1 1 0 1 0 1 0 0 0 0 0 1 0 0 0 0 1 0 0 1 1 1 1 1 0 1 0 0 1 0 1 1 0 1 1 1 1 0 1 0 0 0 0 0 0 0 1 0 0 1 0 0 0 1 1 0 0
0 1 1 1 0 1 1 0 1 1 1 0 1 1 0 0 0 1 0 0 1 0 1 1 0 1 0 1 1 0 1 1 0 1 0 0 1 0 0 0 1 1 0 0 1 0 1 1 1 1 0 0 0 1 1 1 0 1 0 1 1 0 0 0 0 1 1 0 1 1 1 1 1 1 1 1 1 0 1 0 1 1 0 0 0 0 1 1 0 1 0 1 0 0 0 0 0 0 1 1
1 0 1 0 1 0 0 0 0 1 1 1 0 0 1 1 0 1 1 0 0 1 0 0 0 1 0 0 1 1 0 0 1 1 1 1 0 0 0 0 1 1 0 0 1 0 0 0 1 0 1 1 0 1 1 1 1 1 0 1 1 0 0 0 1 0 0 1 1 0 0 0 0 1 0 0 1 1 0 1 1 0 1 1 0 1 1 1 0 1 1 1 0 1 0 0 0 0 1 0
0 0 1 1 0 0 1 0 1 1 0 0 0 0 0 0 0 0 0 1 1 0 1 0 1 1 0 0 0 0 0 0 1 0 1 1 1 0 1 1 1 1 0 0 1 0 0 0 0 1 1 1 1 1 1 1 1 0 0 1 0 0 1 0 1 0 1 1 0 1 1 0 0 0 1 1 0 0 0 1 0 0 1 1 1 1 1 1 0 1 0 0 1 1 1 0 1 1 1 0
0 1 1 1 0 0 1 0 0 1 1 0 0 1 0 0 0 1 0 1 0 1 1 1 1 0 0 1 1 0 0 1 1 0 1 0 0 1 1 1 1 0 1 0 1 0 1 0 0 0 0 1 0 0 1 1 1 1 0 0 1 1 1 0 0 0 0 0 0 1 1 0 1 1 1 1 1 1 0 0 0 0 1 1 0 1 0 0 0 0 0 0 0 0 1 1 1 1 1 0
0 1 0 0 0 1 0 1 0 1 1 1 0 0 0 0 1 1 0 0 1 0 1 0 1 0 0 1 1 1 0 1 0 0 0 0 1 1 0 1 0 1 1 1 1 1 1 0 0 1 0 0 0 1 0 0 1 1 0 0 0 1 0 1 0 0 1 1 0 1 0 1 1 1 0 0 1 0 0 1 0 1 0 0 1 1 1 0 1 1 1 1 1 1 0 0 1 1 1 0
0 1 0 0 1 1 0 1 0 0 1 1 1 1 1 1 0 0 1 1 1 1 1 1 0 0 1 0 0 0 1 0 1 0 0 0 0 0 1 1 1 1 0 1 0 0 1 0 1 1 0 0 0 1 1 1 1 0 0 1 0 0 0 1 1 0 0 1 0 0 0 0 1 1 0 0 0 0 1 1 1 0 1 1 1 0 1 0 0 0 0 1 0 1 0 0 1 0 0 1
1 1 1 1 0 1 0 0 0 0 0 0 1 0 0 0 1 0 1 1 1 0 1 1 1 0 0 1 0 0 0 1 1 1 0 1 0 0 1 0 1 0 1 0 0 0 0 1 0 0 1 0 1 0 0 0 1 1 1 0 1 1 0 1 1 0 1 0 0 1 0 0 0 1 1 0 0 0 1 0 0 1 0 1 1 0 1 1 0 1 0 0 0 0 1 0 1 0 0 1
0 0 1 1 1 1 0 0 0 0 1 0 1 0 0 1 1 0 0 1 1 1 1 1 1 0 1 0 1 1 1 0 0 0 0 0 0 0 0 0 0 0 0 1 0 0 0 0 0 0 1 0 0 1 0 1 1 0 0 1 0 1 0 0 1 1 1 1 1 0 1 0 1 0 0 1 0 0 1 0 1 1 0 1 1 0 0 0 1 0 1 1 1 1 1 1 0 1 0 0
1 1 0 1 1 0 1 0 0 1 1 1 0 0 0 0 1 1 1 0 0 0 0 1 1 0 0 0 1 1 1 0 1 1 1 0 1 0 1 0 0 1 0 0 1 0 1 1 1 0 0 0 0 1 0 1 1 0 1 1 0 1 0 0 1 0 1 0 0 1 1 0 1 1 1 0 0 0 1 0 0 0 1 0 1 1 0 0 0 1 0 0 0 1 0 0 0 0 0 1
1 0 1 0 1 0 0 1 0 0 0 0 0 1 0 0 0 1 0 1 0 0 1 1 1 0 0 0 1 0 0 0 0 0 0 1 1 0 0 0 1 0 1 0 1 1 1 1 0 1 1 1 0 1 1 1 1 0 0 0 0 0 1 1 0 1 0 0 0 1 0 1 0 0 0 1 0 0 0 0 1 0 0 1 0 1 0 0 1 0 0 0 0 0 0 0 1 0 0 0
1 0 0 1 1 1 0 0 1 0 0 1 0 1 1 1 0 1 1 0 1 0 1 0 1 1 0 0 0 0 1 1 0 0 0 1 1 1 1 0 1 0 1 0 1 1 1 0 1 1 1 0 0 1 0 1 0 1 0 1 0 0 0 0 1 1 1 0 1 0 1 0 1 1 0 0 1 0 1 0 0 0 0 1 0 1 0 1 0 1 1 1 1 1 1 1 1 1 1 1
1 1 1 1 0 0 0 0 1 1 1 1 0 0 0 1 1 0 1 1 1 0 0 0 1 0 1 1 0 1 0 1 0 0 0 1 1 1 0 1 0 0 0 0 0 0 1 0 1 0 0 1 0 0 0 1 1 1 0 1 1 1 1 0 0 0 1 1 0 0 0 1 0 1 0 0 0 0 0 1 1 1 1 0 0 1 0 1 1 1 1 0 1 1 0 0 0 0 1 0
1 1 1 1 1 0 0 0 0 0 0 0 1 0 0 1 1 1 1 0 0 1 0 0 0 1 0 0 1 1 1 1 1 0 1 0 1 1 0 0 1 0 1 0 1 1 0 0 1 0 0 0 0 1 1 0 1 1 1 1 1 1 1 1 1 0 1 1 1 1 0 1 1 0 1 0 0 0 0 0 0 1 1 1 1 0 1 1 0 0 0 1 1 0 0 1 1 0 0 0
0 1 1 0 0 0 1 1 0 0 0 0 1 0 0 1 0 1 1 0 0 0 0 1 0 1 1 0 1 0 1 1 0 0 0 1 0 1 0 1 1 0 1 1 1 0 0 0 0 1 0 1 0 1 0 1 1 0 0 1 0 0 1 1 0 1 0 1 0 1 1 1 1 0 1 0 1 1 1 1 0 0 0 0 1 0 0 1 1 0 1 1 1 0 1 0 0 1 1 0
0 0 1 0 1 0 0 1 1 0 0 1 1 1 0 1 1 1 0 0 0 1 1 1 0 0 0 1 1 1 0 0 1 0 1 0 0 0 1 1 1 0 1 0 1 1 1 0 0 1 0 1 0 1 0 1 1 0 1 1 0 0 1 0 0 1 1 0 0 0 1 1 0 1 1 0 0 0 0 1 0 1 1 1 1 1 1 0 0 1 1 0 0 0 0 0 0 0 1 0
1 0 0 0 0 1 1 1 1 0 0 0 1 0 1 1 0 1 1 1 0 0 0 1 0 0 0 0 0 1 1 1 1 1 0 1 1 1 0 1 1 1 0 0 0 0 1 1 0 1 0 0 1 0 0 1 0 0 0 1 1 0 0 1 1 0 0 0 0 0 0 1 1 1 0 1 0 0 0 1 1 0 1 0 0 0 0 1 1 0 1 1 0 0 0 0 0 0 0 1
0 1 0 1 1 1 0 0 0 1 0 0 1 1 1 0 1 1 1 0 0 1 0 0 0 1 1 0 1 0 0 0 0 1 1 1 0 0 0 1 1 0 0 1 0 0 1 0 0 0 0 1 0 0 1 0 1 1 1 1 0 1 1 1 1 0 1 1 0 0 0 0 0 1 0 1 0 0 0 1 1 1 1 0 1 1 0 0 0 1 1 0 1 1 0 1 1 1 1 0
1 1 1 0 0 1 0 0 1 0 1 1 1 1 1 0 0 0 0 1 1 1 1 0 0 0 0 0 0 0 1 1 0 0 1 1 0 1 1 0 1 0 1 1 1 1 0 0 0 1 0 1 1 1 0 1 1 1 1 0 1 0 0 1 1 1 0 1 0 0 0 0 1 0 0 0 1 1 1 1 0 1 0 1 1 1 0 1 0 0 1 1 1 1 0 1 0 0 0 0
0 0 0 1 1 1 0 0 1 1 1 0 0 0 1 1 0 0 1 0 1 0 1 1 1 0 1 0 1 0 1 0 0 1 0 0 0 0 1 1 0 0 1 1 0 1 1 0 1 0 0 1 1 0 0 1 0 0 1 0 0 1 1 0 0 1 1 0 1 0 1 0 0 0 0 0 1 1 0 0 0 0 0 1 0 0 1 1 1 1 1 1 0 1 1 1 0 1 0 0
0 0 0 0 0 0 1 0 0 0 1 1 1 1 1 1 0 0 0 0 0 1 0 0 1 0 1 0 0 0 0 0 0 0 1 1 1 1 0 1 0 0 0 0 0 1 0 0 1 1 1 1 0 0 0 1 0 0 0 0 1 0 1 0 1 0 1 0 0 1 1 1 0 0 0 1 0 0 1 1 1 0 0 1 1 1 0 1 1 0 0 0 1 1 0 0 1 0 1 1
1 0 0 1 0 1 1 1 0 1 1 1 1 1 0 0 0 0 0 0 1 0 1 0 1 0 1 0 0 1 0 0 1 1 1 1 0 0 0 1 0 1 0 1 1 0 1 0 1 0 1 1 0 0 0 1 1 1 1 1 1 0 0 1 0 0 1 1 1 1 0 1 0 1 1 1 1 0 0 1 0 0 1 0 0 0 0 1 1 0 1 0 0 0 1 1 1 0 1 0
1 1 0 1 0 0 1 0 0 1 0 0 1 0 1 0 0 1 0 0 1 0 0 0 1 0 1 0 1 0 1 0 0 0 0 1 1 1 0 0 0 1 1 0 1 0 0 0 1 0 0 1 1 1 1 0 1 0 1 1 1 1 0 0 0 1 0 1 0 0 0 0 1 1 1 0 1 1 1 1 0 1 0 0 1 0 0 1 0 0 0 0 1 0 0 0 0 0 1 0
1 0 0 1 0 0 1 0 1 0 0 0 1 0 0 1 1 1 0 0 0 0 1 1 0 1 1 0 0 0 1 1 0 0 0 1 1 0 0 0 0 1 1 0 0 0 1 1 1 1 1 1 1 0 1 0 1 1 1 1 0 0 0 0 0 0 0 1 1 0 0 0 1 1 0 1 1 0 1 1 1 0 0 1 0 1 1 0 0 1 0 1 0 0 1 0 0 1 0 1
0 1 0 0 0 1 1 0 1 1 0 1 1 0 0 0 0 1 1 1 1 0 0 0 0 0 1 1 0 0 0 0 1 0 0 1 1 0 0 0 0 1 1 0 1 1 1 0 1 1 1 0 0 1 1 0 1 0 0 1 0 0 1 1 0 0 0 0 1 0 1 0 1 1 0 0 1 0 1 0 0 1 0 1 0 1 1 0 0 1 0 0 0 0 1 0 0 1 0 1
0 0 1 0 0 0 1 1 0 0 1 1 1 0 0 0 1 0 1 0 1 0 1 1 0 1 0 1 1 0 1 0 0 0 1 0 1 1 0 0 0 0 0 1 0 0 1 0 1 0 0 1 1 1 0 0 1 1 1 1 1 1 0 1 0 0 0 1 0 0 0 0 1 1 0 0 0 0 1 1 0 0 0 1 0 1 1 1 0 0 0 0 0 0 0 1 0 1 1 0
0 1 1 1 1 1 1 0 0 0 0 0 0 1 0 1 0 0 0 1 1 1 0 1 0 1 1 0 0 1 0 1 1 1 1 1 0 1 1 0 1 0 0 0 1 0 0 1 0 1 1 0 0 1 1 1 0 1 0 1 1 1 1 0 1 1 0 1 1 0 1 0 0 0 1 0 1 1 1 0 0 0 0 0 0 0 0 0 0 1 1 0 0 1 0 1 0 0 0 1
1 0 0 1 0 0 0 0 1 0 0 0 0 0 0 0 1 0 0 1 1 1 1 1 1 1 1 0 1 1 1 1 1 0 0 1 0 0 1 0 1 1 1 1 0 0 1 0 0 0 0 1 1 0 1 0 0 1 1 1 1 0 0 0 0 1 0 1 0 1 1 1 0 1 1 1 1 1 1 1 1 0 0 0 0 0 0 0 0 0 1 1 0 0 1 1 1 0 1 1
1 1 1 1 1 0 1 1 1 0 1 1 1 0 0 0 0 1 0 0 1 1 1 1 0 0 0 0 1 1 1 0 1 0 1 0 1 1 0 0 0 1 0 1 1 0 1 1 1 1 0 1 0 1 0 1 1 1 0 1 1 1 0 1 0 1 1 0 0 1 0 0 0 0 1 0 0 1 0 1 1 0 1 1 1 1 1 0 0 1 0 1 0 0 1 0 1 0 1 1
0 0 0 1 1 1 0 0 0 0 1 0 1 0 1 1 1 1 1 0 1 0 0 0 0 1 1 1 0 0 0 0 0 0 0 1 1 0 1 0 1 0 1 0 1 1 0 1 1 1 0 0 0 0 0 1 0 1 0 1 0 0 0 1 1 1 0 0 1 0 1 1 1 1 0 1 0 0 0 1 0 0 0 0 0 0 1 0 1 0 1 0 1 0 1 1 0 1 0 1
1 0 1 1 1 1 0 0 0 0 0 1 1 1 1 0 1 0 0 0 1 0 1 0 0 0 1 1 0 1 0 1 0 1 0 0 1 0 1 0 0 1 0 0 0 0 0 0 0 0 1 0 0 1 0 0 0 0 1 1 0 0 1 0 0 1 0 1 1 1 1 0 1 1 1 1 1 0 0 1 0 1 0 0 0 1 0 1 0 0 0 1 1 1 1 1 0 1 1 1
0 0 0 1 0 0 0 0 1 0 1 1 1 1 0 1 0 0 0 1 1 1 1 1 0 1 1 0 0 0 1 1 1 0 1 1 0 0 0 1 1 0 1 1 1 1 0 0 1 0 0 1 0 1 1 0 0 0 1 0 1 1 1 0 1 0 0 1 1 0 1 0 0 0 1 1 1 0 1 0 0 0 0 1 1 0 1 0 0 1 0 0 0 1 0 0 1 1 0 1
1 1 0 0 0 1 0 1 1 0 1 0 0 1 0 0 0 0 0 1 0 1 0 1 0 0 1 0 1 1 0 0 0 0 0 0 1 1 1 1 0 1 0 1 1 1 1 0 0 1 1 0 1 0 1 1 1 1 1 1 1 1 1 0 0 1 1 1 1 0 0 0 0 1 0 1 0 0 0 1 0 1 1 1 1 0 0 0 0 1 0 0 1 0 0 1 0 0 0 0
0 1 0 0 1 0 1 1 0 0 0 1 1 0 0 1 0 1 0 0 0 0 1 0 1 1 0 1 0 1 0 1 0 0 0 1 0 1 0 0 1 0 1 0 0 1 1 0 0 1 0 1 1 1 1 0 0 0 1 0 0 1 0 1 1 1 1 0 1 0 0 0 0 1 1 1 1 1 1 0 0 0 1 0 1 1 0 0 1 0 1 0 0 0 1 0 0 0 1 0
0 1 1 1 0 0 1 0 0 1 1 1 1 1 1 0 0 1 1 0 0 1 0 1 1 1 1 0 0 0 1 0 0 1 1 1 0 1 0 0 0 0 0 0 0 0 1 0 0 1 0 0 1 0 1 0 1 1 1 0 1 0 1 1 1 0 0 1 0 1 1 1 1 0 1 0 1 0 1 0 1 1 1 1 0 1 0 0 1 1 1 0 0 0 0 0 0 1 1 1
0 0 1 0 1 0 1 1 0 1 0 0 0 1 0 1 0 1 0 0 1 1 0 0 1 1 1 0 1 0 0 1 0 0 0 0 0 0 0 1 1 0 0 1 1 0 0 0 1 0 1 0 1 0 1 1 0 1 0 0 0 0 1 1 0 1 1 1 1 0 0 0 1 1 0 0 1 1 1 0 0 1 1 1 0 0 1 0 0 1 1 1 1 0 0 0 0 0 1 0
0 1 1 1 0 1 0 0 0 1 1 0 0 0 0 1 1 1 1 1 1 0 1 1 0 1 0 0 1 0 1 0 0 1 0 1 1 1 0 0 1 0 1 1 0 1 0 1 1 1 1 1 1 1 1 0 1 0 0 1 0 1 1 0 0 0 1 1 1 0 1 0 1 0 1 0 0 1 0 0 1 1 1 1 1 0 1 1 1 1 0 1 1 1 1 0 1 1 1 1
1 0 0 1 0 0 1 1 1 1 0 1 1 0 0 1 1 0 0 0 1 0 0 1 1 0 0 0 1 0 1 1 0 0 0 1 1 1 0 1 0 0 0 0 1 0 1 0 0 1 1 1 1 1 0 0 1 1 0 0 1 1 1 0 1 0 0 0 1 1 1 0 0 0 1 0 1 1 1 1 0 1 1 0 1 0 1 0 0 1 1 0 0 0 0 1 0 1 1 1
0 1 1 1 1 0 0 0 1 0 0 1 1 1 1 0 0 0 0 1 1 1 0 1 0 1 0 0 0 0 1 0 0 0 0 0 1 0 1 1 0 0 0 0 1 0 0 0 0 0 1 1 0 1 1 1 1 1 1 0 1 1 0 0 1 1 0 0 1 1 0 1 1 0 0 0 1 0 0 1 1 1 1 1 0 1 0 1 1 1 0 1 1 1 1 0 1 0 0 1
1 0 0 0 1 1 1 0 1 1 0 0 1 0 1 1 1 1 1 0 0 0 0 0 0 0 1 1 0 1 0 1 0 1 0 1 1 1 0 0 1 1 1 0 0 1 1 1 1 0 0 0 0 1 0 0 1 0 0 0 1 1 0 1 1 0 0 0 1 1 0 1 1 1 0 0 1 1 1 1 1 1 1 0 1 1 0 1 0 1 1 1 1 1 1 0 1 0 0 0
1 1 0 1 1 0 1 0 0 0 1 0 1 0 1 0 0 1 1 1 0 1 1 1 0 1 0 1 0 1 1 1 1 0 0 0 1 1 1 1 0 1 0 1 1 0 1 1 1 1 0 1 0 0 0 0 0 0 1 0 1 1 0 0 0 0 1 1 1 0 0 1 0 0 1 0 0 0 1 1 1 0 1 0 0 0 1 0 0 0 1 0 1 0 0 0 1 0 1 0
1 1 0 1 0 0 1 0 0 0 1 0 1 1 0 1 1 0 0 0 1 1 0 0 1 1 1 1 1 1 0 0 1 1 1 0 1 0 0 0 1 1 1 0 0 0 0 1 1 1 0 0 1 0 1 0 0 0 1 0 1 0 0 0 1 1 0 1 1 0 0 0 0 1 1 1 1 0 0 1 1 0 0 1 0 1 0 1 1 1 0 0 0 1 1 1 1 0 1 1
1 1 0 0 1 0 1 1 1 1 1 0 1 0 0 0 1 0 1 0 0 1 0 0 0 1 1 1 1 0 1 1 0 0 0 0 0 0 1 1 1 1 1 0 0 1 1 1 0 0 0 0 0 0 1 1 0 0 1 1 0 1 0 0 1 0 1 0 0 1 1 0 1 0 0 1 0 0 1 0 0 0 1 1 1 0 0 0 1 1 0 1 1 1 1 1 1 1 1 1
1 1 0 1 0 0 0 1 0 1 0 1 0 0 0 0 1 0 0 0 0 1 1 1 1 0 0 0 1 0 1 1 1 0 0 0 0 0 1 0 1 1 1 1 0 0 0 0 1 1 1 0 1 0 0 0 1 1 1 1 0 0 1 1 0 1 0 0 1 0 1 0 1 1 1 0 1 1 0 1 0 1 0 1 1 0 0 1 1 1 0 1 0 0 1 1 0 0 0 1
1 0 0 0 1 0 0 0 1 0 1 0 0 1 0 0 1 1 1 1 0 1 1 0 1 1 0 0 0 0 0 1 0 0 0 0 0 0 0 1 0 0 0 1 1 1 1 0 1 1 0 0 1 0 0 0 1 0 1 0 1 1 0 1 0 1 1 0 1 0 0 1 0 1 1 1 0 0 0 1 1 1 0 1 1 0 1 0 1 0 1 0 0 1 0 0 1 1 1 1
0 0 0 0 1 1 1 1 1 1 1 0 1 0 1 0 0 1 0 1 1 1 0 0 0 0 0 1 1 0 0 1 1 0 0 1 1 0 0 1 0 0 0 1 0 0 1 0 1 0 0 0 1 0 0 0 1 0 0 0 0 1 1 1 0 0 1 0 0 1 1 1 0 1 1 0 1 0 1 0 0 0 0 1 1 0 1 1 1 1 1 1 0 1 1 0 0 1 0 0
0 1 1 1 0 0 1 0 0 0 0 1 0 0 1 0 0 0 1 1 0 1 0 0 0 0 0 1 1 0 0 0 0 1 1 0 0 0 0 1 0 1 0 1 1 1 1 1 1 0 1 0 1 0 0 1 0 0 1 0 0 1 0 0 1 0 0 1 1 0 1 0 1 1 1 0 1 1 1 1 1 0 1 0 1 1 1 0 0 1 0 0 0 0 1 0 1 1 1 0
1 1 1 1 1 0 1 1 0 0 1 1 1 1 0 1 0 0 1 0 0 0 1 0 1 0 0 1 1 1 1 1 1 0 1 0 1 0 0 1 1 0 0 1 0 1 0 1 0 1 0 0 0 0 1 0 1 0 0 1 1 0 0 1 0 0 0 1 1 1 0 1 1 0 1 0 1 1 1 0 1 1 1 0 0 1 0 0 1 1 1 1 1 1 1 0 1 1 1 1
1 0 0 0 0 0 0 0 1 1 1 1 0 1 1 1 0 0 1 0 1 1 1 0 1 0 1 0 0 1 0 0 0 0 1 1 1 0 0 0 1 0 0 0 1 0 0 1 1 1 1 1 0 0 0 1 0 0 0 0 1 1 1 1 1 1 0 1 1 0 1 0 1 1 1 0 0 0 0 1 1 1 0 1 1 0 1 0 1 1 0 1 0 0 0 0 1 0 1 1
1 0 0 0 1 0 0 1 1 0 1 1 1 0 1 0 0 0 0 0 0 0 1 0 1 1 0 1 1 1 1 1 0 0 0 1 1 1 0 0 1 1 1 1 0 0 1 1 0 1 1 0 1 0 0 0 1 1 1 0 1 0 0 0 1 0 1 0 1 1 0 0 1 1 1 0 0 1 0 0 0 0 1 0 1 1 0 1 0 1 1 0 1 0 0 1 1 0 1 1
0 1 0 0 0 0 0 0 1 1 0 1 1 0 1 0 0 0 0 0 0 1 1 1 1 1 0 1 0 0 0 1 0 0 1 1 1 0 0 1 0 1 1 1 0 0 1 0 1 1 0 0 0 0 1 1 1 1 0 1 0 0 1 1 1 0 0 0 1 0 1 1 1 0 1 1 0 0 1 1 0 1 1 1 1 1 0 0 1 0 1 0 0 1 0 1 1 1 1 1
0 1 0 1 1 0 0 0 0 1 0 0 0 1 1 0 0 1 0 1 1 1 1 1 0 0 0 1 1 0 1 0 0 1 1 1 0 0 1 1 1 1 1 0 1 1 1 0 0 1 1 1 0 1 1 0 0 0 1 0 1 0 0 1 1 1 1 1 1 1 0 1 0 1 0 0 1 1 0 1 0 0 1 0 0 0 1 0 0 0 1 1 0 0 0 1 0 1 1 0
0 0 0 0 1 0 1 0 0 0 0 1 1 0 0 0 1 0 1 1 0 1 0 0 0 0 0 0 1 1 1 0 0 0 0 1 1 0 1 0 1 1 0 1 1 0 1 1 0 1 0 1 1 1 1 0 1 1 1 0 0 1 0 0 1 0 0 1 0 1 0 0 1 0 1 1 1 1 0 0 0 0 1 0 0 1 1 0 1 0 0 0 0 1 0 0 1 0 1 0
0 1 1 0 1 1 1 1 0 1 0 1 1 0 1 1 1 0 1 1 0 1 1 0 1 0 0 1 1 0 0 0 0 1 1 0 1 1 0 1 0 1 0 0 1 1 1 1 1 0 1 0 1 0 0 0 0 0 0 1 0 1 1 0 1 1 1 1 1 1 0 0 1 0 0 0 0 0 0 1 0 0 1 0 1 1 1 1 1 1 1 1 0 1 1 0 1 1 1 1
0 1 1 0 0 0 1 1 1 1 1 0 0 0 0 1 1 0 1 1 0 1 1 1 1 0 1 0 1 0 0 1 1 1 0 1 1 0 1 0 0 1 1 0 1 0 1 0 0 1 0 0 0 1 1 0 0 0 0 1 1 0 1 1 0 1 1 1 1 0 1 1 0 1 1 0 1 1 0 0 1 1 0 0 0 1 0 0 0 0 1 1 0 0 0 1 0 1 1 1
0 0 0 0 1 0 0 0 0 1 0 1 1 0 1 0 0 1 0 0 0 0 0 0 1 0 1 1 0 0 0 0 1 1 1 1 0 1 1 0 0 0 0 1 0 0 0 1 1 1 0 0 0 0 0 0 1 0 0 1 0 1 1 0 0 0 0 0 1 0 0 0 1 1 0 1 0 0 1 0 1 1 1 1 0 0 1 1 0 1 1 0 0 0 0 1 0 0 0 0
0 0 0 0 0 1 1 1 1 1 0 0 1 0 1 1 0 1 0 0 0 1 0 1 0 1 0 0 0 0 1 1 0 1 1 0 1 1 0 1 1 1 0 1 1 1 0 0 1 0 0 1 1 1 0 0 1 0 1 0 0 1 1 0 0 0 0 1 0 0 0 0 1 1 1 0 1 1 0 0 0 0 0 0 0 0 1 1 1 0 1 1 1 1 0 0 1 0 1 0
0 0 1 0 0 1 1 0 0 1 1 0 1 0 1 1 1 1 1 1 0 1 1 0 0 0 1 0 0 0 1 1 0 1 0 1 1 1 1 0 1 0 1 1 0 1 1 1 0 0 0 0 0 1 1 1 1 0 1 0 0 0 1 1 1 0 1 0 1 1 1 0 1 1 1 1 1 0 1 0 1 1 1 0 1 0 0 0 1 0 1 0 1 1 1 0 1 0 1 1
1 0 1 1 1 0 1 0 0 1 0 1 1 0 0 0 0 0 0 1 0 1 0 0 0 1 1 0 1 1 0 1 1 0 0 0 0 1 0 0 1 0 0 1 1 0 0 0 1 1 1 0 1 0 1 1 0 1 1 1 0 1 0 1 1 1 0 1 0 0 1 1 1 1 1 0 1 1 1 1 1 0 0 0 0 1 0 1 0 0 1 0 0 0 0 1 1 1 1 0
1 0 1 0 0 0 1 1 0 1 0 0 1 1 0 0 0 1 0 0 0 0 0 0 0 0 1 0 1 1 0 1 1 1 1 0 0 0 1 0 1 0 1 0 1 0 1 1 0 0 1 1 1 1 0 1 1 1 1 1 0 0 1 1 0 0 1 1 0 0 0 1 1 1 0 0 1 1 0 0 1 1 1 1 1 1 1 1 1 0 0 0 1 0 1 1 1 1 0 1
1 1 1 1 1 1 0 0 1 0 0 1 1 0 0 0 0 0 0 1 0 1 0 1 0 0 0 0 1 0 1 1 0 0 0 1 0 1 0 0 0 1 1 0 1 0 1 0 0 1 1 0 0 0 0 1 1 0 1 0 0 1 1 0 1 0 1 1 0 0 0 1 0 1 1 0 0 1 1 0 1 0 1 1 0 1 1 1 1 1 0 0 0 1 1 0 0 0 1 0
0 0 0 0 1 0 0 1 1 0 0 0 1 0 0 0 1 0 1 0 1 1 0 0 1 0 0 0 0 0 0 1 1 1 0 0 1 1 0 1 0 1 0 0 0 1 0 0 0 0 0 0 0 0 0 1 0 0 1 1 0 0 1 1 0 0 0 0 1 1 0 0 0 1 0 1 1 0 0 1 1 0 1 1 1 1 0 1 1 0 1 1 1 0 1 0 1 1 0 1
0 0 1 1 1 0 0 1 1 0 0 0 1 1 0 0 0 0 0 0 0 1 0 0 0 1 1 0 0 0 1 1 1 0 0 1 1 1 0 0 1 0 0 1 0 1 1 0 1 1 0 1 1 0 0 0 1 0 1 0 1 0 1 0 0 0 1 1 1 0 1 1 0 0 0 0 1 1 0 1 1 0 0 1 1 1 1 1 1 0 0 1 0 0 1 0 0 0 1 1
0 1 1 1 0 0 1 1 1 0 0 1 0 1 1 0 0 1 1 0 1 0 1 0 0 1 1 1 0 0 0 1 1 1 0 1 0 0 1 1 0 0 1 1 0 1 0 1 0 0 0 1 1 1 1 0 0 1 1 0 0 0 1 0 0 1 0 1 1 0 1 0 0 0 0 1 0 1 0 1 0 0 0 1 1 1 0 1 1 0 0 0 0 1 1 0 0 1 0 1
1 1 1 0 1 0 1 1 0 0 1 1 0 0 0 0 0 0 0 0 1 1 1 0 1 0 1 1 0 0 1 0 1 0 0 1 0 0 0 0 1 0 1 0 1 1 1 1 0 1 1 0 0 1 1 1 0 0 0 0 1 0 1 0 0 1 1 0 0 1 1 0 0 0 0 1 0 0 1 0 1 1 1 1 0 1 0 1 0 1 0 0 1 1 1 0 1 1 1 0
1 1 0 0 0 1 0 0 1 1 0 1 1 1 1 1 1 1 0 1 1 0 1 0 0 1 1 0 1 0 0 0 0 1 0 1 1 0 1 0 0 0 0 0 0 0 1 0 0 1 0 0 1 1 0 0 1 0 1 0 1 1 1 0 1 1 1 0 0 1 1 1 1 1 1 0 0 1 1 1 0 0 0 0 1 0 0 1 1 0 1 0 1 1 1 1 0 1 1 0
1 0 1 1 1 0 0 1 0 1 0 1 1 0 1 0 0 1 0 0 0 0 1 0 0 0 0 1 1 0 1 0 1 1 1 1 1 1 0 1 0 1 0 0 0 0 0 1 1 0 0 0 0 0 1 0 0 0 0 0 0 1 1 1 1 1 1 0 1 0 1 0 0 0 1 0 0 0 1 1 1 1 0 1 0 0 1 1 1 0 0 1 1 1 0 0 1 0 1 0
0 1 0 0 1 1 1 1 0 1 0 0 1 0 0 0 0 1 1 0 1 1 1 0 0 0 1 1 0 1 0 1 1 0 0 1 0 0 1 0 1 0 1 1 1 0 1 0 0 0 0 1 1 0 0 1 1 0 1 0 0 0 1 1 0 0 0 0 1 1 0 1 1 0 0 0 0 0 1 1 0 0 1 1 1 0 1 1 0 0 0 0 0 0 0 0 0 1 1 0
1 0 0 1 1 1 0 0 1 1 0 1 0 0 0 0 0 1 0 0 0 1 0 0 1 1 1 1 0 1 1 0 0 1 0 1 1 0 0 1 1 0 1 0 1 1 1 1 1 1 0 1 0 1 1 0 1 1 0 0 1 0 0 1 0 1 1 0 1 0 0 0 0 1 0 0 0 0 0 0 1 0 0 0 1 0 1 0 1 1 1 0 1 0 1 0 1 1 1 0
1 1 1 1 1 0 1 0 0 0 0 0 1 0 0 0 0 1 0 0 0 0 1 1 0 1 0 1 0 1 1 1 0 1 0 0 0 0 1 0 1 1 1 1 0 0 1 1 1 0 1 1 1 0 1 0 1 1 1 0 1 0 1 1 0 0 0 1 1 0 0 0 1 0 1 1 0 0 0 0 1 1 1 0 1 0 0 0 0 0 1 1 0 1 0 1 0 0 0 0
1 0 1 1 1 0 1 1 0 0 0 0 1 1 0 1 1 1 0 1 0 0 0 1 0 1 0 1 1 0 1 0 1 1 0 0 0 0 1 0 0 0 0 0 0 1 1 0 0 1 1 0 0 0 1 1 0 1 0 0 1 0 0 1 0 1 1 1 1 0 0 0 0 0 1 0 0 1 0 0 0 0 0 0 0 0 1 0 0 0 1 0 1 0 1 1 1 1 1 1
1 1 1 0 1 0 1 1 0 0 1 0 1 1 1 1 1 1 1 1 1 1 1 0 0 1 1 1 0 1 1 1 0 1 0 1 0 0 0 0 0 1 1 1 1 1 0 1 1 0 0 0 1 0 1 1 0 0 0 0 1 1 0 1 1 0 0 1 1 0 1 1 0 0 1 0 1 0 1 1 1 0 0 1 0 1 0 1 1 1 1 0 1 0 1 1 1 1 0 0
1 1 0 1 0 1 0 1 0 0 1 0 1 0 0 1 1 1 1 0 0 1 1 0 0 1 1 1 0 1 1 0 0 0 1 1 1 1 1 0 0 1 0 1 1 1 0 1 1 0 1 1 0 0 1 1 0 0 1 0 0 1 1 1 0 1 1 1 1 1 1 0 1 1 1 1 1 1 0 0 1 0 0 0 1 0 1 1 1 0 0 0 1 0 1 1 1 0 1 0
0 0 1 0 1 1 0 0 0 1 1 0 1 1 1 0 0 0 1 0 1 0 1 0 0 1 0 1 1 1 1 1 0 0 1 1 0 1 1 0 1 0 0 0 0 0 0 0 1 0 1 0 1 1 0 0 1 0 0 1 1 0 1 0 0 1 0 0 1 1 0 0 0 0 0 1 1 1 0 0 1 1 1 0 1 0 1 0 0 1 0 1 0 0 1 1 1 1 1 1
0 0 1 1 0 0 0 1 0 0 0 1 1 1 0 1 0 0 1 0 1 0 1 1 0 1 1 1 1 1 1 0 1 0 1 1 0 1 0 0 0 1 0 0 0 0 1 0 0 1 0 1 0 0 1 1 1 0 1 0 0 0 0 1 1 0 0 1 0 1 1 0 0 0 1 0 1 0 0 0 0 1 1 1 0 1 0 0 0 1 0 1 0 1 1 0 0 1 1 0
0 1 1 0 1 0 1 0 1 1 0 0 0 1 1 0 1 1 1 1 0 1 1 0 1 0 1 0 1 0 0 1 1 0 1 1 0 0 0 0 1 0 1 0 1 0 1 1 1 1 0 0 1 1 0 0 1 0 1 0 0 1 0 0 0 0 1 1 1 1 1 0 1 1 0 1 1 0 1 0 0 0 0 0 0 0 0 1 0 0 1 1 0 0 0 1 1 0 1 1
1 0 1 0 0 0 0 1 0 0 0 1 1 1 0 1 1 1 0 0 1 1 0 0 0 1 0 1 1 1 0 0 1 1 0 0 1 0 1 1 1 1 0 1 0 1 1 1 0 0 0 0 1 0 1 1 1 0 1 0 0 0 1 0 0 0 0 1 0 1 0 1 1 0 0 1 1 1 0 1 1 0 0 0 0 0 0 0 1 1 1 0 0 1 1 0 1 1 0 0
0 1 0 1 1 0 1 0 1 0 0 0 1 1 1 1 0 0 1 1 1 0 0 0 1 0 1 1 0 1 1 0 0 0 1 0 0 1 0 1 1 0 1 1 1 0 1 0 1 0 0 1 1 1 0 1 0 1 1 0 0 0 1 0 1 0 1 0 1 1 1 1 0 0 0 0 1 0 0 0 1 0 0 1 0 1 1 0 0 0 1 1 1 0 1 0 0 1 0 0
1 1 0 0 0 0 0 0 1 1 0 0 0 1 0 0 1 1 1 1 0 1 0 0 0 0 0 0 1 1 0 1 0 0 0 0 0 0 1 1 1 0 1 1 0 0 0 0 0 0 0 0 1 1 1 0 1 0 1 0 0 1 0 0 1 1 1 0 0 0 0 1 0 0 1 1 1 1 1 1 1 0 0 0 1 1 0 1 0 1 0 1 1 0 1 1 0 1 1 0
1 0 1 1 1 0 0 0 0 0 1 1 0 1 0 1 1 0 1 0 1 1 0 1 1 1 1 0 1 1 0 1 0 0 1 0 0 1 1 1 0 0 1 0 0 0 0 0 0 0 1 1 1 0 0 1 0 1 1 1 1 1 1 1 0 0 0 1 1 1 0 1 0 0 1 0 0 0 0 1 0 0 1 1 1 1 0 0 1 0 0 1 1 0 1 0 0 1 0 1
0 1 0 0 1 0 0 1 0 0 0 0 0 1 0 0 1 0 1 1 1 1 0 1 1 0 1 0 1 1 0 1 1 1 1 1 1 1 1 1 1 1 0 0 1 0 0 0 0 0 1 1 0 0 0 1 0 0 1 0 0 0 1 0 1 0 1 0 0 1 1 1 1 0 0 0 0 1 0 1 0 0 1 0 1 1 1 0 0 1 0 1 0 1 1 1 1 1 0 1
1 0 0 0 0 0 0 0 1 0 0 1 1 1 1 1 0 1 0 1 0 0 0 1 0 0 0 0 1 1 0 0 0 1 0 1 1 0 1 1 0 0 0 0 0 0 1 0 1 1 1 1 0 0 0 1 1 0 0 1 0 1 1 1 1 0 1 0 1 1 0 0 0 0 1 1 1 1 1 1 1 1 0 1 0 1 0 0 0 1 1 0 0 0 0 1 0 0 0 1
1 1 0 0 0 1 1 0 0 1 1 0 0 0 1 1 1 0 1 0 1 1 0 1 0 1 0 1 0 1 0 0 0 0 0 1 0 1 0 1 1 1 0 1 1 0 0 1 0 1 0 1 0 0 0 1 0 1 1 1 0 0 1 1 1 0 1 1 1 1 0 0 1 0 0 1 0 1 0 0 1 1 1 0 0 1 1 1 0 1 1 1 0 0 1 1 0 0 1 0
1 1 0 0 0 1 1 0 1 1 1 1 1 1 0 1 1 0 0 1 1 0 1 1 0 1 1 1 0 1 1 1 0 1 1 0 0 0 0 1 1 1 1 1 1 0 1 1 1 1 0 0 0 1 0 0 0 1 0 1 0 0 1 1 1 0 1 1 0 0 0 1 1 1 0 0 1 0 1 1 0 0 1 0 1 0 1 0 1 1 1 1 1 0 0 1 0 1 1 1
0 1 0 1 0 0 1 1 1 0 0 0 1 0 1 1 1 0 0 1 0 1 1 1 1 0 1 1 1 1 1 0 0 1 1 1 1 1 1 0 1 0 1 1 0 0 0 0 1 0 1 0 0 1 1 1 0 0 1 0 0 1 0 0 0 1 0 1 0 1 1 1 1 0 1 1 1 0 1 1 1 0 0 1 0 0 1 1 0 0 1 1 1 0 0 1 0 0 1 1
0 1 0 1 1 0 1 1 1 1 0 1 1 1 1 0 1 0 0 0 1 0 1 1 1 1 0 0 1 0 0 0 1 0 0 1 1 0 0 1 0 1 1 1 0 1 1 0 1 0 0 0 1 1 0 1 0 0 0 0 0 1 1 1 0 0 1 0 1 0 1 0 1 1 1 0 0 0 0 0 1 1 0 1 1 1 0 0 1 0 0 1 1 0 1 0 0 1 1 0
0 1 1 1 1 1 0 0 1 0 0 1 1 0 1 0 0 1 0 1 0 0 0 0 0 0 0 0 1 1 0 0 0 0 1 0 0 0 1 1 0 1 0 0 0 1 1 1 1 1 0 1 1 1 1 1 0 0 1 0 1 0 0 0 0 1 1 0 1 0 1 0 0 1 1 0 1 1 0 0 1 0 1 0 1 0 1 1 0 0 0 1 0 1 1 0 0 1 1 0
0 1 0 0 1 0 1 1 0 0 0 1 0 0 0 0 1 0 0 0 0 1 1 0 0 0 0 1 0 1 0 0 0 1 0 0 0 0 1 0 0 1 0 0 0 0 0 0 0 0 1 0 1 1 0 1 0 0 0 1 0 0 1 1 1 0 1 1 0 1 0 1 1 1 0 1 0 0 0 1 0 0 1 0 1 1 0 1 1 0 1 0 0 0 1 1 1 0 1 0
0 1 0 0 1 0 1 1 1 0 1 1 0 1 0 0 0 0 1 0 0 0 0 1 1 0 0 1 0 1 1 0 0 0 0 1 1 1 0 1 0 0 1 0 0 0 1 1 0 1 0 0 1 1 1 0 1 0 1 1 0 1 1 1 1 0 0 0 0 0 0 1 0 1 0 1 0 1 1 1 1 1 1 1 0 1 1 1 0 0 1 1 0 1 0 1 0 1 0 1
1 0 0 0 0 0 1 0 0 0 0 0 0 1 0 0 0 0 1 1 1 1 0 0 1 0 0 1 0 0 0 0 1 1 1 0 1 0 1 0 1 1 0 0 1 0 1 0 0 0 1 1 0 0 0 0 0 1 1 0 1 1 1 1 0 1 1 0 1 1 1 1 0 0 0 1 0 1 1 1 0 1 1 1 1 1 1 1 1 1 1 0 1 0 0 0 1 0 0 0
